100
958 958
944 472
9 9
964 964
625 625
779 779
718 718
652 326
771 771
582 97
790 395
948 316
265 265
540 540
123 41
976 61
713 713
926 463
510 510
555 555
1000 100
560 112
701 701
773 773
885 885
938 469
816 408
708 59
434 217
704 704
476 7
840 840
790 158
831 277
448 448
570 190
950 950
545 545
383 383
992 16
771 771
170 170
720 60
89 89
986 986
822 411
402 402
847 847
858 858
860 430
955 955
636 636
563 563
985 985
858 143
20 1
698 698
436 436
676 676
818 818
585 585
126 63
852 852
789 263
776 776
558 558
588 588
556 278
625 625
798 798
679 97
900 900
794 397
367 367
546 546
843 843
936 234
969 969
595 595
722 722
428 214
825 825
741 741
216 18
822 274
934 467
913 913
605 605
324 81
814 814
452 452
819 63
720 120
750 125
377 377
279 279
905 181
772 386
484 484
732 732
