100
779 779
458 458
834 417
966 161
373 373
910 455
793 793
138 69
905 905
897 897
892 892
914 457
574 574
596 596
807 807
763 109
532 532
780 780
608 152
963 963
670 670
916 458
590 590
835 167
497 497
948 237
738 123
864 216
829 829
753 251
931 931
830 830
688 344
167 167
936 468
705 235
880 880
682 682
446 446
720 60
700 175
708 708
786 786
431 431
460 46
713 713
701 701
684 684
701 701
646 646
507 507
750 750
566 566
258 258
760 38
650 25
526 263
336 336
590 590
747 747
110 110
985 985
889 127
760 76
539 77
964 964
528 528
984 984
639 213
368 368
560 560
833 833
588 588
524 262
513 513
575 575
609 609
914 457
855 855
654 218
388 388
543 543
558 279
620 620
464 464
278 278
370 370
310 1
611 611
852 426
825 825
752 752
754 754
907 907
416 208
560 560
782 391
993 993
829 829
566 566
