100
505 505
554 554
851 851
183 183
574 574
774 774
834 278
967 967
980 980
511 511
838 838
521 521
519 173
643 643
242 242
944 944
522 261
493 493
500 20
914 914
509 509
248 248
699 233
649 649
920 460
832 64
885 885
764 382
574 574
710 710
504 504
174 174
703 703
578 578
325 325
552 23
782 782
512 512
600 120
576 288
756 756
814 814
42 21
430 430
964 964
761 761
598 598
595 595
729 243
629 629
787 787
599 599
878 878
880 220
704 704
657 657
736 368
931 19
732 732
924 924
867 867
996 498
726 726
764 764
644 644
650 650
720 360
600 200
977 977
678 678
574 574
791 791
980 196
552 92
717 717
629 629
918 918
475 475
358 358
954 477
774 86
749 749
906 906
989 989
970 970
380 380
189 189
981 327
990 99
886 886
924 84
612 612
715 715
882 882
905 905
881 881
839 839
723 241
246 123
307 307
