100
821 821
612 306
366 183
404 404
247 247
217 31
601 601
965 193
936 78
925 925
358 358
765 765
690 138
343 343
628 628
306 306
614 614
614 614
267 267
428 214
126 126
735 147
613 613
742 742
209 209
994 497
989 989
938 938
994 497
645 645
930 930
606 101
567 567
583 583
546 546
796 796
761 761
642 321
369 369
836 836
732 366
504 252
601 601
821 821
671 671
515 103
601 601
819 819
397 397
850 850
882 49
625 625
958 479
632 316
761 761
486 486
936 234
874 874
663 663
592 74
617 617
361 361
183 183
687 687
756 756
489 489
914 914
873 873
870 290
529 529
660 330
840 840
905 905
558 279
356 178
837 27
330 330
734 367
583 583
957 957
640 640
482 241
775 155
905 905
999 999
693 693
237 79
350 175
508 254
950 95
551 29
670 670
878 439
157 157
350 350
756 378
420 420
861 861
927 103
789 789
