1000
-7951027 -709135 1701700 0 0
-7677396 -8706323 -1679011 -3 2
-7337723 1696275 -3114062 -10000000 10000000
1380809 6867229 -6703880 -5 -5
6528644 6779754 2280757 -10000000 10000000
1919921 4944106 2184574 -2 -2
-1232282 2159049 -2889189 -10000000 10000000
8669881 3916676 8164426 -10000000 10000000
-162551 2088747 842007 13 13
-4284869 6642265 -1804153 1 1
6442521 -4115722 7022432 -10000000 10000000
3974085 7047421 6791139 -10000000 10000000
-2246194 4149952 6188032 0 5
-9891457 -8966999 -9920857 -10000000 10000000
7086256 8143620 8982712 -10000000 10000000
861723 9049410 -9516966 -11 -11
1047696 7943796 3354231 -7 -7
-5264759 -9712218 9769720 -2 3
-2010930 20206 2031997 1 1
7219029 -6788695 -1905563 0 0
9793111 -6859997 -5564275 -10000000 10000000
-3755229 -3278436 3632002 0 0
-4211385 1612316 8957051 -1 4
-3613849 -3306834 -7902434 -10000000 10000000
3294947 9323841 4764614 -5 0
6566810 1185024 -8304713 -4 1
6044782 3376561 -3859711 -1 -1
-8917800 4024434 -448034 -2 3
-3573716 -7965238 -1888475 0 0
1944598 -1308498 5309769 -10000000 10000000
2049310 9840443 4908556 -4 -4
6421732 -3360751 -7177174 -3 2
5170126 3247796 5807066 -10000000 10000000
-4861440 -3666207 -3380481 -10000000 10000000
4503015 3699830 -9735978 -1 -1
6888091 -7382444 2555513 -10000000 10000000
-8102882 -7794875 1056536 -2 3
9359976 7915389 -7951594 -1 -1
1412775 4757189 -2308137 -3 -3
-1286941 -9157880 256376 0 0
2586589 -5833731 5680480 -10000000 10000000
2991587 4076045 -6246053 -5 0
4192099 -4464252 -8002810 -3 2
818559 9734585 2769617 -11 -11
2185487 8008449 -5026242 -7 -1
-4421160 -1941887 -9394945 -10000000 10000000
-2445932 -9421384 -569479 -3 2
6224472 6658229 5463153 -10000000 10000000
-5082057 -4909454 1783664 0 0
9198241 -8377136 1117543 -2 3
6343627 -6873612 -6184136 0 0
3820557 -283848 4692077 -10000000 10000000
5488349 8850596 -5171323 -2 -2
3504075 -7584722 893453 0 0
9877483 1943302 -5780484 -3 2
-5369487 5173159 -4054868 -10000000 10000000
773955 -2338341 -4456118 -4 1
-9861843 9640389 6428540 1 1
4615010 3149480 -4014219 -10000000 10000000
1908114 -418111 9761051 -10000000 10000000
8986734 8603422 1616368 -3 2
-5730787 -3104591 -2194846 -10000000 10000000
6549270 1592113 -4884060 0 0
-847460 -7745299 5645231 -2 3
-7422515 -2150179 -4383291 -10000000 10000000
2163291 3165240 1994248 -10000000 10000000
2543685 -3867975 3562694 -10000000 10000000
-3971877 1700373 4440722 1 1
6804924 -1037254 4722864 -10000000 10000000
-4025209 -9531750 9149957 0 0
-5090357 -8503603 -9252701 -10000000 10000000
2846674 1396467 3648537 -10000000 10000000
-2535719 9557714 -3945379 3 3
-3298756 5003824 3212225 2 2
-8757964 -4387234 710396 -2 3
-1405760 -7888750 8672428 0 0
2238508 1059242 8463124 -10000000 10000000
8603027 -2004375 -6686988 0 0
-1862429 -3803348 8541800 1 1
193398 -3506019 -1440512 0 0
3958742 6329653 -9276519 -5 0
-7058428 5299152 -4650175 -10000000 10000000
-293712 -2103507 4042839 1 1
-9369036 -3478117 -7769317 -10000000 10000000
498682 3108491 -568145 -6 -6
365713 6043828 5301417 -15 -15
1352069 2890550 -200416 -2 -2
-4890472 2739169 9224095 1 1
1184110 -6568179 -9296901 -1 -1
9438495 9376351 5816597 -10000000 10000000
7370383 8926081 2198714 -3 2
-6019924 2815237 319553 0 0
-2595958 2700725 6463267 2 2
-1692384 -8475129 9530274 0 0
-1702495 -4500059 -3659975 -10000000 10000000
-2172504 1523935 3417609 -10000000 10000000
-5380676 -839715 884970 0 0
-8518550 1088957 668966 0 0
-8186657 109685 -7716270 -10000000 10000000
3403461 9871547 619810 -2 -2
1308455 1526814 1858040 -10000000 10000000
9906957 -6231833 3524454 -10000000 10000000
-1202013 -6900140 1935380 0 0
2745676 7449215 9902319 -10000000 10000000
4346987 -926661 2562056 -10000000 10000000
6724491 -8601515 7474361 -10000000 10000000
5312394 -4470927 9868797 -10000000 10000000
4604237 -328191 2871526 -10000000 10000000
7159240 -4301534 2930518 -10000000 10000000
-2195144 4338163 5169908 2 2
-8957480 7397836 -632867 0 0
1959003 5050181 7484251 -10000000 10000000
-9372612 985885 8515195 1 1
-9420673 -1241020 5556433 -2 3
-6725458 5760057 6686898 1 1
1801355 -2866919 7451992 -10000000 10000000
-8254326 -5929717 -9660885 -10000000 10000000
5797748 -807907 -963918 -3 2
-912273 5849034 -4321084 5 5
-2856239 -6795337 6123226 0 0
6583388 -6854575 9074004 -10000000 10000000
6014084 -5930168 -8599522 0 0
-5129488 7493890 2457470 1 1
69115 -22186 -1125639 -3 -3
9063750 7659266 -8675211 -1 -1
-5343648 -8064876 -2786839 -3 2
5105399 -633649 6307864 -10000000 10000000
-6335007 -6250170 -7234444 -10000000 10000000
8776831 26832 -2141709 0 0
2402444 8815053 7870710 -2 -2
-9437800 -9229913 9387009 0 0
452188 2773078 7432296 -10000000 10000000
303836 -9203853 -1585197 0 0
3362184 -4638621 3018931 -10000000 10000000
-6467535 -7189921 2282519 0 0
-6503191 1929253 -9561592 -10000000 10000000
-1866074 -7023260 -7123752 -10000000 10000000
4794004 7968013 -5907619 -5 0
-7473538 7404170 7675546 1 1
7472956 -9070599 9593121 -10000000 10000000
1021189 -9000018 6979497 -2 3
-4841670 -1086619 -7159375 -10000000 10000000
2079388 5096669 9199960 -10000000 10000000
4194354 -9042203 7895858 -10000000 10000000
-4027126 7697026 -2035505 -1 4
5203040 -3452209 -809556 0 0
50662 877321 1129620 -15 -15
-9253969 4329171 7799023 1 1
-5959089 9030579 8652184 2 2
4021434 -8463017 1759356 0 0
3681063 7712353 -6023675 -2 -2
-1560839 -7513368 7786306 0 0
2086262 9322517 7534582 -3 -3
8001946 -1856687 -8732641 -3 2
9844562 30485 -9596869 0 0
-2687921 1496184 -3826094 -10000000 10000000
-6643042 9088696 -4440759 -10000000 10000000
-2877401 -5679211 -4067072 -10000000 10000000
997695 408969 3558648 -10000000 10000000
4339255 -672103 9176924 -10000000 10000000
-4033219 5424890 -6082220 -10000000 10000000
840202 -6084218 2382887 0 0
4805660 -5606686 934669 0 0
-2796402 -9132636 368272 -2 3
5998461 -6595950 4481321 -10000000 10000000
33040 -3304138 -1159393 -3 2
7974759 5288600 15693 -3 2
3597769 -8261175 -4483061 -3 2
7771818 -7381523 9388464 -10000000 10000000
282991 -6544057 -8950110 -1 -1
-3704688 679748 -4512790 -10000000 10000000
5716811 4817459 -5663766 -4 1
-7621856 -3664223 3121612 -2 3
5907228 -7687263 1912726 0 0
-8351690 576149 -3590659 -10000000 10000000
2391699 2516532 -3716447 -4 1
3095978 -6105239 -4454036 -3 2
986475 232029 -9275217 -6 0
-6646403 1016165 -9544198 -10000000 10000000
8021372 8926679 -7359119 -1 -1
2430467 -8647960 3483396 0 0
133915 6596153 -3778247 -49 -49
1361112 1363955 6303924 -10000000 10000000
-9845512 3931366 -7478926 -10000000 10000000
880268 -3826329 -618811 0 0
3183329 -5829723 -8733404 -3 2
6113223 -7771387 -8073491 0 0
-2551913 3749636 9234419 2 2
-9805499 -8459451 -5142185 -10000000 10000000
7040055 7009887 3613432 -10000000 10000000
-6616238 3525475 -2167902 -10000000 10000000
9960689 5893759 -2252629 -3 2
3242742 6061337 -883007 -2 -2
973593 2209103 299949 -2 -2
8104211 4480611 1347723 -10000000 10000000
-4692985 1053675 7893796 1 1
-2042554 -3437097 7493155 1 1
2976361 2461488 -2937528 -4 1
5556710 -3232534 1712534 -10000000 10000000
1643546 -9068513 -4580337 0 0
8877099 7847475 -6845863 -1 -1
7439076 3612365 -7013359 -1 -1
4607409 -2022508 8257392 -10000000 10000000
2846244 51607 4581736 -10000000 10000000
-2867076 -7305443 -4289068 0 0
-6364543 -9428687 188348 0 0
-8142420 -3921186 -2048955 -10000000 10000000
-9433817 -3408483 -5183561 -10000000 10000000
9450574 -9233880 153234 0 0
6091913 -3564930 3929175 -10000000 10000000
-8256525 9896686 -2318862 0 0
-2723767 -4215341 9402842 1 1
-2855961 2268745 -5399560 -10000000 10000000
-5821331 757759 -489197 -10000000 10000000
9663232 4264570 -2981718 0 0
-258600 4931031 -8874583 14 20
95387 7314544 6743337 -78 -72
4340084 8932105 -2427981 -2 -2
5005402 -6371605 2391357 -10000000 10000000
9268992 -3019105 -7013466 0 0
883723 9967804 -5488517 -14 -8
-9082905 1668630 -902300 -10000000 10000000
7474440 -2822469 -3620693 -3 2
-170099 4278927 -7079559 23 23
-7838252 6998882 1734214 1 1
-9522189 -3031447 -7799046 -10000000 10000000
4062549 -2796268 -6681310 0 0
4889480 735383 2475917 -10000000 10000000
-1997828 7514094 7282415 4 4
-2078499 -9144592 -2876703 -3 2
2095042 -2222496 -2078751 0 0
-5009528 -5988352 -2152551 -10000000 10000000
-707523 423311 1952673 -1 4
-3955896 7442486 -8285758 -10000000 10000000
-924331 -9414061 -5367193 0 0
6621835 411515 909567 -10000000 10000000
-6612463 7866960 8032108 1 1
-5262920 9104334 -3506585 -1 4
1854313 2333274 2328083 -10000000 10000000
-9456685 -6899344 -6331331 -10000000 10000000
9944993 6651084 183920 -3 2
-769563 -1846374 -3005781 -10000000 10000000
2126678 -9747486 -6495322 -3 2
-5726247 1428004 -824723 -10000000 10000000
3105425 -7576884 -583129 -3 2
-9165791 9983660 2886128 1 1
-9986181 -2908715 -3845583 -10000000 10000000
9093024 9737457 6885280 -10000000 10000000
-262824 2582933 309295 6 12
-5724335 -6039756 6125651 0 0
4665509 8981340 1882358 -4 1
-3599795 -9101070 5120676 -2 3
-8029743 -4880765 -2280279 -10000000 10000000
8298421 -6030659 -541376 -3 2
5242419 1516636 -3278845 -3 2
5411536 -1619911 473079 -10000000 10000000
-5280873 1791144 1098680 0 0
8630126 -3728423 -5101717 -3 2
-8129260 -9359788 356600 0 0
-107212 2178444 4926512 22 22
9262640 -7105982 7438717 -10000000 10000000
-2299065 -7606405 -2978659 0 0
-9748226 6844643 -5214541 -10000000 10000000
-7811656 -9645463 -6833270 -10000000 10000000
8979373 -7239327 -1629386 0 0
348116 -1212510 -658747 -3 2
884131 -6440412 7052004 1 1
-8133355 -8747043 1337064 0 0
-4581303 -2663697 -5673771 -10000000 10000000
-7525872 6168469 7469379 -1 4
9670421 2648928 1904549 -10000000 10000000
-7320123 -6712428 2939098 0 0
-749293 -8048321 -5821857 0 0
-6175838 -5828175 7249427 0 0
6805123 9058991 -9808273 -2 -2
-4878035 -2295160 -5039325 -10000000 10000000
8402455 7208672 -6843955 -4 1
-17405 -8427170 -9008362 -1 -1
-3150056 -2105748 -4615476 -10000000 10000000
-7923262 4593004 7242112 1 1
4014012 -5337000 6367093 -10000000 10000000
-657047 -3295520 5796109 -1 4
2109878 -2047510 -9741912 -1 -1
-2308692 9202194 4403088 1 7
-8992159 9897105 2955274 -1 4
-8178846 -1100171 -5988361 -10000000 10000000
3468095 5255014 8722696 -10000000 10000000
9630360 9955430 -4806625 -1 -1
-2756871 -1710661 9040941 1 1
-2129027 9571674 -619708 4 4
-3288961 -9400787 938841 -2 3
8104856 4843847 -8443516 -4 1
6754255 -3378578 -5506808 0 0
1388265 6344848 -4650849 -8 -2
-6722515 -8998820 7852451 0 0
9264679 3949163 -1454619 0 0
-359749 7781382 6560522 22 22
-9818394 -9786498 1667164 0 0
6670161 -7943004 -3108610 0 0
-8367087 -8273083 3446777 0 0
3933546 5253499 9575633 -10000000 10000000
-3084769 5044946 -5841903 -10000000 10000000
-8676305 -446157 -7760435 -10000000 10000000
-2995214 8454826 -9735667 -10000000 10000000
1911378 576837 -9523815 -2 -2
9526244 4311421 -7482014 -4 1
4688103 7385388 -1290379 -1 -1
7001805 8667859 -1740697 -4 1
-7569377 -9064644 -7449340 -10000000 10000000
672237 -8045695 -3120156 0 0
1002660 -5127959 5312040 -1 4
-1639470 8659737 2923228 5 5
229862 -3095712 -701446 -3 2
-5166627 -2815061 -3017247 -10000000 10000000
3155118 4841067 -8146645 -5 0
-7869113 9116966 -1601371 0 0
-2068726 -5295406 -8134250 -10000000 10000000
-5413393 -4061060 3548481 0 0
-6085868 3577571 -3809247 -10000000 10000000
-4390583 -6791667 -9632436 -10000000 10000000
4658436 -8803299 -427611 0 0
-6520938 9689366 9228058 2 2
-1853270 8466697 5717564 5 5
7830405 4144333 8219403 -10000000 10000000
9412364 2551967 6458094 -10000000 10000000
5430412 3830608 -6243466 -1 -1
4284595 -5543473 6585500 -10000000 10000000
-7736139 -385431 -8993896 -10000000 10000000
-3199175 -6212846 -4132990 -10000000 10000000
-5114707 -4862276 530405 0 0
6443157 -9954453 -6193541 0 0
1791117 -953859 -2205630 0 0
-2346914 3997211 5501924 2 2
898824 -1412605 -3411367 -4 1
139285 -7141352 2060433 0 0
1891545 -5127982 163388 0 0
-3857805 4865205 7081205 2 2
-1771542 -8076322 8526205 0 0
-1229065 -3406275 7528331 -1 4
7308785 -5973779 7327378 -10000000 10000000
-1691210 -2640848 -2078887 -10000000 10000000
9384124 8211839 8316704 -10000000 10000000
-60596 -1847010 9093267 1 7
-8617625 -3156695 701890 -2 3
-7254803 -1413708 -3053761 -10000000 10000000
8021899 5927920 4254040 -10000000 10000000
-8561018 -7934933 -2322035 -10000000 10000000
-8439588 -6868586 -3668914 -10000000 10000000
9660349 -8494849 -9446414 0 0
8749514 601224 683168 -10000000 10000000
5010198 -6047414 -639037 0 0
-9081118 -2739060 5787842 -2 3
-9601597 9726762 -1493612 0 0
4656675 -4369717 -4584581 -3 2
4773352 3047430 1923823 -10000000 10000000
8022074 -8245536 2847455 -10000000 10000000
2081018 -3101469 8446962 -10000000 10000000
-1722539 877975 2666595 1 1
7970064 2808841 31955 0 0
-8063368 4238526 -3750293 -10000000 10000000
3781035 9123983 -6505561 -2 -2
5268810 -6822996 -3933802 0 0
4454249 -1164738 3233000 -10000000 10000000
-762073 4016596 -9223683 -10000000 10000000
1876172 9568324 6784009 -4 -4
-1628160 -3341219 -8541561 -10000000 10000000
-1611844 -4195507 -3516572 -10000000 10000000
-6520448 9575059 9654184 2 2
-1845610 -8133245 3520951 0 0
5136883 7696149 -8806605 -2 -2
-5907059 -8101841 2718533 0 0
5568004 7664234 -6314458 -1 -1
1597644 -9298765 -1493432 0 0
2569264 9067594 -7695250 -4 -4
-163660 -5371450 -3446019 0 0
8876738 -6869952 336519 -2 3
-8052705 4311647 -8175396 -10000000 10000000
8688491 -6165480 -4182658 0 0
-835818 -9155561 -5292650 0 0
3293590 5027096 9606871 -10000000 10000000
-3014104 -8581403 -8603913 -10000000 10000000
3496539 -8420550 3924913 0 0
7663468 8869028 5725843 -10000000 10000000
1410696 1199750 1522739 -10000000 10000000
-1766474 1961363 1636257 1 1
-868816 -2420719 1600671 -2 3
4388342 1425473 1345749 -10000000 10000000
5940623 2754010 -5572578 -1 -1
4196719 -2321765 6782837 -10000000 10000000
3723773 3071506 5427327 -10000000 10000000
2262712 -3561985 1731318 -10000000 10000000
6689985 3376710 4305265 -10000000 10000000
-1236847 -2385176 -1431541 -10000000 10000000
1487352 6748785 -5540011 -5 -5
-5659995 -8577410 -6474085 -10000000 10000000
-1806302 963451 3048077 -1 4
8187336 -7203641 2198117 -10000000 10000000
3228398 7260892 -617799 -2 -2
6895891 6328126 3841659 -10000000 10000000
-7313056 8314024 -8651794 -10000000 10000000
9347926 1046458 463679 -10000000 10000000
806545 -6218741 -698669 0 0
2872519 3938337 1574120 -10000000 10000000
6952941 -4241875 9735288 -10000000 10000000
1313777 -9165190 -6551396 0 0
-6331954 3176999 -6761129 -10000000 10000000
5698762 9870835 1336259 -4 1
8126848 2305688 1467857 -10000000 10000000
-2797122 -8040487 -9557209 -10000000 10000000
-1390639 2641472 -6267980 -10000000 10000000
-475176 -289069 5084070 2 2
4556665 8486845 -200481 -1 -1
-2233013 8459057 -6937739 2 2
4530443 9705544 -3988694 -5 0
2049246 -8070692 1768354 0 0
7092284 -1273312 607593 -10000000 10000000
7354804 -9405318 6659364 -10000000 10000000
2989853 6315853 5946674 -10000000 10000000
6651928 7027847 2254151 -10000000 10000000
9512613 -3454543 -7985821 0 0
-8477933 -6479446 6658282 0 0
8539336 6152826 2952033 -10000000 10000000
9490231 537486 1908900 -10000000 10000000
-5012759 -3792906 -8684591 -10000000 10000000
-4296336 1548313 7238039 1 1
-6360049 6020012 5020414 1 1
-3435066 -6874854 9580400 -2 3
8547003 2419147 -2837821 0 0
-7303651 7617678 1597291 1 1
-6951851 -6828533 3742729 0 0
831062 -8073765 7973510 -1 4
5881907 -5680884 -6307216 -3 2
-8350115 -1808083 -6725170 -10000000 10000000
-70725 -6914 3427627 6 6
8560550 4608934 7362326 -10000000 10000000
-9820116 -8281805 9307445 0 0
-712084 8117233 790273 11 11
-8976920 9310334 803040 1 1
8274008 1599160 -951084 0 0
4369183 3479053 -5429828 -1 -1
6171112 -1767946 5065874 -10000000 10000000
3898892 8880311 3392690 -1 -1
-5494017 1640433 -6431688 -10000000 10000000
-7712858 -4289026 -7032897 -10000000 10000000
-472146 7662733 8810847 17 17
5027819 6324336 4868016 -10000000 10000000
7624398 -6713684 791594 -2 3
-9724952 2250693 7755728 1 1
-405706 -342469 -3477170 -10000000 10000000
-8051177 116512 6832317 -2 3
6669721 5907654 9797224 -10000000 10000000
-2096426 8485197 -364606 4 4
-3967587 7188121 4611081 2 2
-351711 1640830 4687517 3 9
-7442608 2299993 -8715397 -10000000 10000000
3101315 -2042416 1184140 -10000000 10000000
-6623334 -128380 3063373 -2 3
9338543 -8337631 271089 0 0
-6479416 6134458 1346080 1 1
339797 -799822 6086173 -10000000 10000000
1545061 -148152 -6621973 -5 0
-748421 -224553 -9588943 -10000000 10000000
9941898 972728 1831178 -10000000 10000000
-1935859 2503084 3147563 0 5
-6384558 5758695 -9594271 -10000000 10000000
2104221 6381143 7478462 -10000000 10000000
8575226 7644424 7087736 -10000000 10000000
3766184 9978015 -4116238 -3 -3
-3672204 -781738 -2443215 -10000000 10000000
514747 -1459542 8058533 -10000000 10000000
-4789302 -504079 -4528939 -10000000 10000000
-5035380 -9921917 1105539 -2 3
1601935 8260233 -1424711 -5 -5
8619256 8951730 -2744096 -1 -1
3545681 -1761966 -8290059 -1 -1
2111326 -7628966 -6447987 0 0
-5192076 5317162 629671 -10000000 10000000
3280680 5038706 4678573 -10000000 10000000
-5656804 6819078 9459634 2 2
2216808 -6817799 -4483607 0 0
-1906710 1879262 -911401 -10000000 10000000
3284522 5597238 9256052 -10000000 10000000
-7965994 -2963755 -9885012 -10000000 10000000
1105837 -2172822 -5988675 -1 -1
4477392 -3575064 4276112 -10000000 10000000
5640573 -8346725 3175091 -10000000 10000000
-1522200 -7009862 -6492538 -4 1
1846617 -6301602 -4414076 -3 2
-791441 -5896431 9744469 1 1
-9235154 -8659304 -4337087 -10000000 10000000
-3090731 -4105039 6027458 0 0
2380899 -2613566 3451 -10000000 10000000
-7381281 -1264092 -9094451 -10000000 10000000
3663669 2609278 8748080 -10000000 10000000
-4964422 -2517606 -8320143 -10000000 10000000
7892322 941199 -6934685 0 0
3169469 -9153126 3982237 0 0
-8375784 3511608 -5215260 -10000000 10000000
-1517078 -356297 -37215 -10000000 10000000
4357156 2841762 -565600 0 0
2690538 -2105675 -6464886 -1 -1
7766429 9796700 -7688475 -1 -1
5047119 -1619164 2068895 -10000000 10000000
-2841701 7172158 -346864 2 2
3112141 -565927 6040991 -10000000 10000000
-5534982 -7467621 4932508 0 0
5469865 -7514875 -9249365 0 0
6554620 -6192667 -8710713 0 0
9242181 -1295878 1006610 -10000000 10000000
9842003 5046419 -6847782 -4 1
5041657 1386979 -1130359 -3 2
-9813910 -9577301 5455735 0 0
2410290 8651147 7910372 -10000000 10000000
-8098792 2806502 4558868 0 0
3825388 6673589 575482 -1 -1
5647562 2730000 8607716 -10000000 10000000
3897293 -3688842 7962099 -10000000 10000000
2242167 4503326 5480963 -10000000 10000000
2760208 -4256648 947270 0 0
278188 2207926 5695280 -10000000 10000000
-9879724 4400231 -4071581 -10000000 10000000
-196924 -4161599 -2719504 0 0
-7160820 8533642 5701184 1 1
-3151492 -3071463 -4947329 -10000000 10000000
-485497 -1818277 -1221321 -3 2
8399822 -4482974 9824897 -10000000 10000000
-9235909 -8438908 -3152440 -10000000 10000000
1879526 -8397814 2864757 -2 3
-4901265 8697440 2530724 0 5
-9630535 6533815 6173014 1 1
-3340959 -5361029 4628695 0 0
-5770628 9361692 -6243639 -10000000 10000000
2583527 -5795689 -3700388 -3 2
-9685712 6843013 8549437 1 1
5941922 -4697881 -3186675 -3 2
7837632 6994020 633384 -3 2
4181069 -7645748 -6790855 -3 2
9261484 8324387 576625 0 0
-723165 -6951460 -830565 -3 2
-5591777 8252289 -4242795 -10000000 10000000
3753142 2214619 2676479 -10000000 10000000
3866730 5125810 -4800666 -1 -1
-9154049 4729018 -1513702 -10000000 10000000
8850522 -1217452 7424022 -10000000 10000000
-6831603 1215442 2949518 0 0
1793466 3425030 -9505124 -6 0
-82697 -2779671 -8991412 -3 -3
3869433 7343609 6200560 -10000000 10000000
-7727565 7486788 437631 1 1
2593981 6986776 -66542 -2 -2
7581984 4028870 8134789 -10000000 10000000
3336180 8637427 -3433759 -5 0
-7222862 587212 -8465810 -10000000 10000000
-329019 -3585729 -7089197 -2 -2
4877421 -4954690 -3646396 -3 2
8376014 6495353 -6408311 -1 -1
-8335495 -2586806 -1837044 -10000000 10000000
8340732 4686432 6536523 -10000000 10000000
-3603721 2052437 -3481022 -10000000 10000000
-5954644 205997 9841189 1 1
-826917 6070002 4756140 8 8
3279340 7730817 6262587 -10000000 10000000
-9390437 2959987 1654792 0 0
6768876 3109716 2553568 -10000000 10000000
4536074 9395216 75314 -2 -2
9077005 -6705191 -8989655 0 0
-7971600 8477151 7333660 1 1
9411418 6096343 5181273 -10000000 10000000
-4431289 943368 -4007141 -10000000 10000000
1407087 -131218 -1067096 0 0
-2064826 1127965 3626179 1 1
3097460 -5956770 -1948834 0 0
7796792 4839872 -9569083 -4 1
9841295 6633445 -1875493 0 0
-3720951 2159316 -6177500 -10000000 10000000
-5888513 -2472888 6197805 0 0
-319340 7164812 -1081754 19 25
6777736 528804 -9432998 -1 -1
-677943 -9951925 423211 -2 3
-5664094 -5826503 5809801 0 0
-2720581 -2532716 -6395531 -10000000 10000000
2020945 -9268011 7182991 -2 3
5840703 6009291 -3481197 -1 -1
-6016307 4877863 -8794109 -10000000 10000000
-390069 -3958364 -5339257 -4 1
-8167624 1421912 7048098 1 1
3827286 9243555 -7013190 -6 0
7515137 -8744497 2032055 0 0
-9746056 -6575509 1844649 0 0
6441422 -998281 -1734163 0 0
4487017 6242230 3270146 -10000000 10000000
3200498 -1690438 -4300637 0 0
9305208 -2022940 -4289194 0 0
9443123 5195432 4982842 -10000000 10000000
5917868 -844958 8732026 -10000000 10000000
-3341749 1905056 7990278 1 1
-8871780 1469296 3229299 0 0
-3434712 -6514138 4455741 -2 3
8082907 5850200 -1651481 0 0
-7390752 2366761 9839411 1 1
9657885 2508758 -7299204 -1 -1
9181711 -3528817 -34471 -3 2
4355299 2112385 5048769 -10000000 10000000
607744 -50685 978310 -10000000 10000000
8387448 7359325 -3846386 -4 1
5610305 7593349 -6484719 -1 -1
-4953353 -766863 -2567141 -10000000 10000000
8162272 -6591974 9797782 -10000000 10000000
-6192717 -8466631 362332 0 0
9609279 8771931 1741449 -3 2
-2353532 3555632 -7522669 -10000000 10000000
-1799108 6825210 -3896733 3 3
-2269538 -6690734 -9810294 -10000000 10000000
9596119 -8999731 -4275443 0 0
4164686 9270849 6629971 -10000000 10000000
-4222519 6919425 741797 1 1
4719088 970509 9436881 -10000000 10000000
7063294 -5576279 -8502542 -3 2
-9948719 913247 1686716 0 0
-7747465 5026741 3667831 1 1
-908306 -7604047 9575063 1 1
-9213722 195829 -6728434 -10000000 10000000
-7750366 -1349551 -2060482 -10000000 10000000
-4331609 -9892157 1454172 0 0
-9692714 -9137573 -1490377 0 0
-5598433 2058085 9315615 1 1
7255757 2054819 -9874428 -1 -1
-297473 2332339 -4747875 -10000000 10000000
9768005 7258481 -3322564 -4 1
-6059742 -2484087 112822 0 0
2080949 -1671140 -9576145 -1 -1
9098922 -4748789 5818107 -10000000 10000000
-8411533 4343786 3769853 0 0
-2389160 -4151366 4303710 0 0
-3848869 -1129774 403190 0 0
-8069906 2502298 7704391 -1 4
1832563 -308646 -1084040 -10000000 10000000
5105586 8563016 -3115512 -1 -1
-8375884 -6879458 -2016433 -10000000 10000000
-8279927 792760 -7020062 -10000000 10000000
-4733190 956026 4838971 1 1
-1590105 -311885 5224713 -1 4
-4045743 -8307900 -2797524 -3 2
6163648 8362282 9350464 -10000000 10000000
2791206 -2354356 -9706524 -1 -1
7927824 1292727 -4342709 -3 2
-9667374 -2656838 -2969002 -10000000 10000000
8441489 -8271701 -1691992 -10000000 10000000
-1855747 -1253585 9013241 1 1
-1260321 -2143037 4689719 1 1
-1422798 -4739568 4050397 -2 3
4909613 1400848 1465905 -10000000 10000000
9985200 -7472949 5114166 -10000000 10000000
-1840920 -351999 -5336703 -10000000 10000000
1671346 4608392 2648239 -1 -1
-5105661 7532803 -4126132 -10000000 10000000
2894607 5469503 -6369268 -2 -2
-490577 4020771 -2014005 4 10
-9226099 8191462 -9370887 -10000000 10000000
-71516 -5794020 1802733 -2 3
-2362791 9976884 9637254 2 8
-581589 -8660609 8513887 0 0
1846969 7083544 -4593436 -4 -4
2587597 -595734 -969359 -3 2
-4175299 8370432 5955475 2 2
7031615 2413292 9163199 -10000000 10000000
4852491 -5817132 -9534131 0 0
9213889 -1251586 3304512 -10000000 10000000
9556956 -4769306 1366442 -10000000 10000000
4026260 -6382652 -325348 -3 2
-2788448 6375462 6413611 0 6
8730602 4428879 4890279 -10000000 10000000
-5983492 8941015 -7648298 -10000000 10000000
-4460092 -3494912 -1130270 -10000000 10000000
-2255993 -5690240 5628856 -2 3
8064376 4489925 1296762 -10000000 10000000
-863564 -4416989 3941744 -2 3
4823700 -4507930 9274293 -10000000 10000000
-5647504 2585138 -942654 -10000000 10000000
9533075 -7931886 -1920560 0 0
-7830929 -7885434 -1500051 0 0
-9762768 3077944 1262108 0 0
-5759264 -8928138 5133624 -2 3
6233075 -1774871 3052100 -10000000 10000000
-4705884 -5966807 8533732 -2 3
6426366 -3947076 -6829878 0 0
-2194271 -9448172 -9788070 -1 -1
9314309 9701281 -5829041 -1 -1
2086130 2256468 -5170504 -2 -2
-3845301 1182189 1556901 0 0
4943073 7937172 6634816 -10000000 10000000
937465 7844676 1340335 -8 -8
8548629 -8677509 7238259 -10000000 10000000
750344 7507893 -5787308 -10 -10
-3605950 3817058 3529417 -1 4
5179987 6753474 -6076498 -1 -1
6329893 4473268 1707686 -10000000 10000000
4314597 -7339259 2700326 0 0
5251282 9398057 -5903547 -2 -2
-577879 8859899 -3556056 14 14
3170167 2911357 8384315 -10000000 10000000
-1349732 -5318186 -9317756 -10000000 10000000
-1295564 -4862974 -7909018 -10000000 10000000
5210388 8207965 -1829285 -1 -1
2051979 -9209703 7761015 1 1
-2514091 -1381916 -317542 -10000000 10000000
-6169420 -3952604 -7901350 -10000000 10000000
3905057 9532850 9549142 -10000000 10000000
-1789286 7983887 -3933330 3 3
5278388 543225 5839186 -10000000 10000000
-6783804 2712682 3548420 -2 3
3617058 -6452609 -6407136 0 0
-2790755 -993529 4011050 1 1
-4918880 -8442806 -5360815 -10000000 10000000
9022002 3399448 4404916 -10000000 10000000
5359722 -3384652 -1042335 0 0
-1179010 -1507272 -119970 0 0
-1731028 5734007 5097281 4 4
-3884285 2200215 9298944 1 1
-4922150 -9530494 -582596 -3 2
-7671410 5929777 -2090923 -10000000 10000000
5455576 1697607 7458491 -10000000 10000000
-8103652 -6029732 -5803949 -10000000 10000000
7129603 7000348 6490727 -10000000 10000000
-8051253 1267541 6324458 -2 3
2112518 -8042439 -1503937 0 0
5311048 -9521783 -6633745 -3 2
1553722 -9597844 -9431463 0 0
8466384 5846552 820063 0 0
-2104804 3963130 4548832 0 5
-4959607 4573142 3385993 1 1
-595923 1498708 -3344015 -10000000 10000000
2750971 -8607793 7480137 -10000000 10000000
-3265592 6847318 7723878 0 5
7758136 -590864 8501692 -10000000 10000000
6113411 -9630248 -3607241 -3 2
622585 -941200 -1093035 0 0
7540252 9662551 3237147 -10000000 10000000
8458661 4784390 5377128 -10000000 10000000
-4989957 -4161125 -6941935 -10000000 10000000
-429021 8302235 688667 16 22
-1424868 2829294 5579302 0 6
7951640 4014344 2796313 -10000000 10000000
-184754 -8055261 -9170287 -4 1
-4225548 1185600 3635793 1 1
-4432939 850255 -6747774 -10000000 10000000
2981310 3456355 -684404 -1 -1
9496496 -1159732 2042750 -10000000 10000000
6606848 -1333880 9297651 -10000000 10000000
1174296 -6840401 9190919 2 2
6208219 -4208582 -594763 0 0
2346253 -8584431 574418 -2 3
8146762 -4147268 7191211 -10000000 10000000
5166768 -5685334 -8190806 0 0
-8823640 -5481034 -8134653 -10000000 10000000
-8767378 -2004831 -4978159 -10000000 10000000
9362498 -2443620 -4261648 0 0
-6970574 6507825 2084061 -10000000 10000000
-8546707 -9969611 -5598277 -10000000 10000000
4399967 2383971 7691996 -10000000 10000000
6649113 -5685386 -2220216 0 0
2580099 5218822 -7431029 -5 0
4789838 -7233884 3861627 -10000000 10000000
-8289695 7180272 5029215 1 1
-3968664 3004660 -6777865 -10000000 10000000
7728839 3824337 -8388201 -4 1
-5134909 -3820709 4525602 0 0
7516760 4464059 -3342900 -1 -1
1802564 2779466 -7469241 -2 -2
3270591 -9132723 6301603 1 1
9495363 -6669499 -3794343 -3 2
5621458 -9150663 -994490 0 0
-4930642 7417919 -5592996 -10000000 10000000
-7600440 4111695 -6114110 -10000000 10000000
-2885831 -3933118 3522766 0 0
-5770362 -8091890 -3300691 -10000000 10000000
8758756 -466591 4019837 -10000000 10000000
-7415482 2746063 2919830 -2 3
6049478 3837939 -2175906 0 0
7922798 1330869 -3358697 0 0
392737 -9143011 761581 0 0
125036 6000867 -5238833 -48 -48
-1116909 6332357 -778107 5 5
3173659 9864190 4661274 -2 -2
5752588 7707246 1434810 -4 1
-4499589 4074421 -8585116 -10000000 10000000
-4805126 8465953 -1354682 -1 4
7107549 -3798657 1331338 -10000000 10000000
7343267 -3406310 7365609 -10000000 10000000
8856554 -8576462 -4813299 0 0
4961641 8361948 -8513834 -5 0
5870562 -566509 -8488513 -4 1
3549207 -34609 -4956427 -4 1
3680537 -6473153 9289193 -10000000 10000000
9312476 -448960 1145088 -10000000 10000000
4904609 5676708 9440796 -10000000 10000000
7896751 2607979 7688270 -10000000 10000000
769417 -952545 -4256961 -4 1
3845330 -3015430 445046 -2 3
-7795505 8875289 4986459 1 1
-8256485 5093486 -1431792 -10000000 10000000
3501952 -5009877 -3613699 0 0
-1576975 7870431 4776071 2 8
7824316 -3924193 8926460 -10000000 10000000
1922159 7995731 5848031 -3 -3
5117646 -9856172 -5302876 0 0
-5382543 -2477611 8913973 1 1
-5693657 -2533758 -1139786 -10000000 10000000
8955786 6384894 -3410026 -1 -1
7837098 3069048 -4635344 0 0
-237765 6854356 2232863 29 29
1196606 4132522 4889613 -10000000 10000000
-557150 -1918030 377878 0 0
3325109 -4840400 5655876 -10000000 10000000
-920210 -5223683 -5334566 -4 1
-5952138 -608271 8680977 1 1
-9216998 -7085774 2704809 0 0
-6156564 -6577958 6762308 -2 3
4702650 217614 -2392509 0 0
8592755 3242373 8012246 -10000000 10000000
1730404 -2325570 1985754 -10000000 10000000
-3894366 2101697 -2090420 -10000000 10000000
9867946 -15520 6747363 -10000000 10000000
8368662 -2953856 -8787210 0 0
8652001 -2012901 -7933686 -3 2
-1019527 -1452146 -1418157 -10000000 10000000
-6481449 1463138 -1645809 -10000000 10000000
43593 -6318535 2536645 0 0
5163811 1856128 -3526522 -1 -1
-1823513 6006146 879649 3 3
6737054 -6253474 1867906 -10000000 10000000
-4545442 -3471523 -2932425 -10000000 10000000
2732062 6512549 6442258 -10000000 10000000
-7351393 785889 -6936447 -10000000 10000000
8768863 -8160047 -6381895 0 0
8337284 906066 6115687 -10000000 10000000
985505 -3323923 -6871108 -1 -1
-2050990 -6565625 -7275343 -10000000 10000000
1303554 -798454 258775 -10000000 10000000
9570270 512918 4172104 -10000000 10000000
-8105948 2539026 -7796326 -10000000 10000000
-4077928 -6572293 4411121 -2 3
2700395 -1040222 5850827 -10000000 10000000
9993345 4758450 5077575 -10000000 10000000
-7500960 -7078662 1228035 0 0
-2222303 7955709 1419756 0 6
7978715 -1430225 -7717358 0 0
9656114 -3825183 6052720 -10000000 10000000
6436800 -3939857 -2677270 0 0
-9399652 964452 -2840283 -10000000 10000000
-9640892 -9121607 -2818255 -10000000 10000000
5728554 6714356 -655253 -4 1
-8126922 -5805514 -4767202 -10000000 10000000
-4709285 7916658 -532938 1 1
3379768 2121664 -653898 -3 2
1879679 9863278 -2329435 -8 -2
4189145 -3893570 2813516 -10000000 10000000
3298900 2560876 9713244 -10000000 10000000
-9746636 -1210661 7717028 -2 3
-6638728 -3015289 -2273692 -10000000 10000000
-3789268 7186243 -2400640 1 1
-1048409 -3626763 3715510 0 0
7643726 8832373 -9880773 -1 -1
-3446467 -7417809 8874437 0 0
-4605864 -6738922 -1413225 0 0
-9686062 -2456362 5117560 0 0
4301357 150455 4693904 -10000000 10000000
3313410 -6499093 -8999507 0 0
-921377 9663338 5086106 10 10
7098675 -2815977 -7364581 0 0
4330292 -9814272 6586813 -10000000 10000000
4662080 6842442 -6954454 -5 0
-4931436 -1071745 -1063351 -10000000 10000000
-6468749 9874498 4773358 -1 4
4779446 2665039 2260163 -10000000 10000000
1413823 -2856489 778288 0 0
-4061126 4452696 8683881 0 5
-9651939 -1126035 -5678335 -10000000 10000000
7805508 -5778458 -7906917 0 0
3148568 1392206 -4967330 -1 -1
-5866467 3673346 -9454193 -10000000 10000000
-5859174 -6534012 5550253 0 0
-7697548 -8405939 -8039836 -10000000 10000000
8796619 6628782 -1037540 0 0
4564854 -5864323 8727290 -10000000 10000000
-7789955 -1032301 8957747 1 1
-608502 -4865262 -5701634 -4 1
7583671 2548649 3749433 -10000000 10000000
-47276 -8502399 -5815392 -3 2
-1596950 8458453 -4313449 4 4
7518108 9595065 2772495 0 0
-381045 -497104 90189 0 0
-159303 -7508942 -6430175 0 0
8636561 5054074 -9641135 -1 -1
7383629 2764184 -6738413 -4 1
7975847 1019785 5861460 -10000000 10000000
7743754 -8836078 -8081768 -3 2
-2222465 -608373 -6835602 -10000000 10000000
2571830 -4171391 -8842361 -1 -1
9728186 2367436 -3882254 -3 2
3983168 -8282980 -8939986 -3 2
-5307291 -6569508 7398748 0 0
8997218 -9825587 3979562 -10000000 10000000
-7574409 -5484297 7885554 -2 3
5982019 1732477 8745079 -10000000 10000000
6863371 -1102183 -4508479 0 0
2026178 4414500 -9840281 -6 0
-8917708 -3406055 -6715797 -10000000 10000000
4177617 -3310580 -9945558 -1 -1
497471 4390336 4043581 -7 -7
-7072930 -5251961 -6906591 -10000000 10000000
3037458 -942378 6484115 -10000000 10000000
-2955720 4330065 9279267 2 2
1659698 7874289 -2001014 -7 -1
6024979 7124811 -8079950 -1 -1
7864592 7832279 4338033 -10000000 10000000
-9319404 -9433446 -6291074 -10000000 10000000
-8244495 -8449537 -8229386 -10000000 10000000
-6890794 5877677 5226375 1 1
-6713941 6275816 7423507 1 1
-8015821 -502244 -6565906 -10000000 10000000
2571961 -9122798 -4840125 0 0
-1672880 -3057987 5747111 1 1
4919943 6968564 -7296679 -2 -2
-5119612 -9488415 4051021 -2 3
-733461 -5529142 -4784004 0 0
3860197 1341075 3243346 -10000000 10000000
-9069501 1140394 666328 0 0
8947627 -3584826 6267177 -10000000 10000000
-4107104 2340069 -7268793 -10000000 10000000
7261606 -5302114 6552786 -10000000 10000000
-152812 7606392 -5332860 49 49
-6483085 573256 8271167 1 1
-5346509 -4420388 -7474612 -10000000 10000000
4464284 -6689356 4221141 -10000000 10000000
-1829977 -8966702 1400355 0 0
9621768 3532932 -4065671 0 0
5468958 3818843 -779323 -3 2
-7624802 5557195 9213789 -1 4
-8631405 -2839389 -7056442 -10000000 10000000
-5394478 9765778 5962008 2 2
1465122 -6262920 8339054 -10000000 10000000
-3409963 4997181 -726658 1 1
-7987261 -8953860 6860343 0 0
-5083699 2757361 -2650043 -10000000 10000000
6715793 6249599 -9093606 -1 -1
-9430511 4115530 3309306 0 0
-6647403 4996505 9367851 1 1
8650963 -9313761 -1835200 0 0
3200569 -9437959 -8008867 0 0
-9324034 -5543625 7334654 0 0
5870058 1600758 -2725213 -3 2
-1168382 -7685639 5639556 0 0
-7735685 -4784744 -9451689 -10000000 10000000
-4717563 851650 -2688476 -10000000 10000000
-8455484 -6680235 9144571 0 0
-7366438 -8189209 -4025826 -10000000 10000000
5229426 -5489405 495767 0 0
-8444668 4145079 -417402 0 0
5733754 1865277 3836734 -10000000 10000000
2069183 6230048 -9322974 -4 -4
7942501 -5497631 4153027 -10000000 10000000
6666019 -8434798 1919945 0 0
-4874928 -4794732 -9015164 -10000000 10000000
4258764 8542837 5738919 -10000000 10000000
-3369437 -1956816 -2435437 -10000000 10000000
-6039491 4512103 2412080 -1 4
-8142775 -6827500 -2089863 -10000000 10000000
9596410 6015333 -8129885 -1 -1
2078455 8700915 3982817 -6 0
5166317 672470 -4483056 0 0
3087717 4219493 8483037 -10000000 10000000
1459719 8315216 8883879 -4 -4
-6922699 -6727561 -7264486 -10000000 10000000
-424045 4621034 4441232 8 14
-6830515 1342345 -8546748 -10000000 10000000
-2306996 3826469 -6302986 -10000000 10000000
4496134 4339781 169605 -3 2
3059405 6585473 8454257 -10000000 10000000
2484123 -4991798 1813363 0 0
2267873 7965292 487947 -3 -3
165177 -2253598 -33169 -3 2
4816260 -6897265 -1547155 0 0
5992841 456641 6314886 -10000000 10000000
2003400 -2678006 3694151 -10000000 10000000
2616352 9775185 7449211 -5 0
9932439 -3782970 -315187 0 0
-3899414 -7398178 3550713 0 0
-1078454 -1044551 -9973802 -10000000 10000000
9553491 7753028 2333787 -10000000 10000000
1123875 -6338653 6685012 1 1
-7569861 -2645626 -6994614 -10000000 10000000
-8136407 8751116 -2837893 -10000000 10000000
6018205 -3500700 2134843 -10000000 10000000
-4711495 -6370046 1911040 0 0
-7920437 -6621731 -3544349 -10000000 10000000
379759 1198896 -9742279 -6 -6
1815751 5525336 -8900790 -4 -4
9608585 -2168382 -4482952 -3 2
-814347 3765911 -8474709 -10000000 10000000
