1000
-1776988 4699098 1921537 3 3
-6274912 -4637676 7866506 0 0
-4631531 3621196 2514613 -1 4
3154764 5841481 8123587 -10000000 10000000
7020744 1173280 9440354 -10000000 10000000
-6679024 8529807 7803755 -1 4
-4514658 -8407185 8008499 0 0
9296169 -9799641 -3624896 -3 2
2547945 -7870706 -2969162 0 0
1011693 5963075 -3203220 -9 -3
-9653273 622982 -3571000 -10000000 10000000
9381753 -1562590 8507558 -10000000 10000000
9151043 2467000 -7394126 -1 -1
6167611 4120297 -784953 0 0
-1703128 -3620947 7461741 1 1
-3130472 -7629540 6308729 0 0
9907625 -9379823 -5977353 -3 2
1942023 6406390 5464928 -10000000 10000000
-463733 4715664 -4905649 8 8
-3986229 -221720 6169360 1 1
7490208 -9881858 926052 0 0
502715 -2479154 7163873 -10000000 10000000
3107009 3552633 -9079436 -2 -2
670622 7658436 -2711966 -11 -11
-8763968 5047614 -1012795 -10000000 10000000
-2201000 -8649859 -1050972 0 0
6853344 1818483 1908632 -10000000 10000000
4512215 7133595 8101840 -10000000 10000000
5338428 4102315 -4185720 -1 -1
4429911 6819026 6688837 -10000000 10000000
1771046 -3669441 9480663 -10000000 10000000
-2944918 6881473 6661709 3 3
-1674766 -7423003 -3424819 -3 2
5378683 591299 -2237120 -3 2
-5552327 -2021961 1263465 0 0
-8190188 -752338 4019350 0 0
695748 -6956528 3963859 0 0
9792130 3586104 -6086206 0 0
-7443363 -7889689 3690185 -2 3
-6551372 -6984819 8369823 -2 3
-6984300 -8191160 -6779846 -10000000 10000000
8441234 2788009 -8262739 -4 1
-1457970 -5421511 2473057 -2 3
7085006 -6122176 -5552098 0 0
5646510 5434145 -6373303 -1 -1
9130791 102314 3022332 -10000000 10000000
3337117 5924072 -4063476 -2 -2
4483949 -8422844 -8255852 -3 2
-1525103 3015829 -5596773 -10000000 10000000
9752609 -1108288 -7800771 0 0
-2621682 5985945 9378648 3 3
-2472154 -8464570 -5191599 0 0
2804945 640211 4723877 -10000000 10000000
8683166 7972158 -4511272 -1 -1
-2788446 -9427582 3928345 0 0
3898658 -2562078 1611564 -10000000 10000000
6463203 -9042030 4516278 -10000000 10000000
-8489111 -6375672 -5504841 -10000000 10000000
-6748174 -8522866 6186202 0 0
-7356673 4955970 1486627 -2 3
-5858562 -6808374 -2315178 -10000000 10000000
-5474351 -4062109 9789702 1 1
-3264539 -4489186 259403 0 0
-172131 597186 -2709950 -10000000 10000000
-558225 1563903 -9425869 -10000000 10000000
7668659 -331079 -6813491 0 0
5295246 9391038 -2825859 -5 0
3503422 -4926844 -1252186 -3 2
762714 1774022 -5683802 -4 -4
4501327 1478995 5651832 -10000000 10000000
-9986827 -686796 9215693 -2 3
1559077 -4478033 3588393 -10000000 10000000
1667109 3194989 -9594700 -6 0
2673886 -6126524 4212448 -10000000 10000000
6075462 6422133 -6187172 -1 -1
56187 -9803208 -3286918 -3 2
8533511 2678760 7398339 -10000000 10000000
7285234 1533016 -8007876 -1 -1
9949951 9838095 -2425748 -1 -1
-3377114 5629941 -7175272 -10000000 10000000
-4825710 1397644 1076482 0 0
2238027 -7391441 9575581 -10000000 10000000
-8822831 6843788 -7484541 -10000000 10000000
8024228 -6861276 -3667062 0 0
5913441 -6359849 1594447 -2 3
-7941897 -3391044 -120868 0 0
-4053285 6494281 -2895079 -10000000 10000000
1310114 -6762640 -6992724 0 0
-1280619 6181112 -8280468 -10000000 10000000
4324654 -8965615 -9194936 0 0
3258360 -1716601 -1536035 0 0
-1211498 -9394610 -2732310 0 0
3646269 9633413 4221743 -2 -2
1089999 -5955555 -4396158 0 0
-6672252 -3103972 -4885961 -10000000 10000000
8183093 -4545068 -8262630 0 0
-697624 -8820348 9129240 -2 3
-7579426 3090433 5830862 -1 4
-1797011 -9843811 -844049 -3 2
-8107186 1883331 -6256838 -10000000 10000000
-5307223 1300020 -5633909 -10000000 10000000
5234522 6951579 -750175 -1 -1
-6700211 -1934261 -6476294 -10000000 10000000
-5067508 2930435 -3860521 -10000000 10000000
-5459179 -108365 -3426362 -10000000 10000000
7400237 1667380 977178 -10000000 10000000
6320618 3221157 -9908771 -1 -1
-116323 3761360 -6800505 30 30
-3693038 4095617 1710028 1 1
-2546661 -5305446 9972608 1 1
-5576970 -4062422 3196235 0 0
9618288 7102939 -1065692 -3 2
4235673 5333116 -4875903 -4 1
9188080 607755 3590982 -10000000 10000000
6087928 4586571 -6589360 -1 -1
689612 -2848452 269264 0 0
3592710 -3688520 8119189 -10000000 10000000
-190907 8266176 -31843 43 43
-7566942 3919484 4328146 1 1
-3668548 3471683 -299190 -2 3
-8965975 4700798 1478170 0 0
9856727 4440375 -6176599 -1 -1
8229422 2572393 -7760191 -1 -1
9777500 -2349473 4373176 -10000000 10000000
-1311636 -2011546 9087189 1 1
-480355 -2239719 -2534695 -1 -1
2676887 7366124 1077764 -5 0
-3735663 -5831692 -6844542 -10000000 10000000
-6693978 2423260 -6497234 -10000000 10000000
7612887 4022622 7948409 -10000000 10000000
9977150 -5869034 -5302149 -3 2
-7416425 -9277859 -6304422 -10000000 10000000
-1566811 -8985871 6057510 0 0
-7192700 -2501269 6257686 0 0
8076435 6841881 2240468 -10000000 10000000
-3825544 9473457 -158741 0 5
7585193 7630461 -4270315 -1 -1
7008324 -7539815 2978722 -10000000 10000000
1431275 9438995 5929241 -5 -5
4530020 -596514 2144737 -10000000 10000000
7741751 -3197646 9679956 -10000000 10000000
1751583 7687560 5862119 -3 -3
-4592500 -7731724 -9571388 -10000000 10000000
-8238180 4565684 -9511318 -10000000 10000000
8629921 9014299 -3517609 -1 -1
-5740554 -3925563 -1503964 -10000000 10000000
6440916 6866670 -8904431 -1 -1
-8899144 -3594880 -7093928 -10000000 10000000
4661425 1866699 9637914 -10000000 10000000
-2790709 -5060383 551902 0 0
-24746 6805617 9017709 276 276
-5721647 8242724 7900308 2 2
-6332597 3266451 -4942711 -10000000 10000000
-3382042 -8751672 -7036378 -10000000 10000000
6272775 -784253 -8853441 -4 1
4336353 -4218786 4794587 -10000000 10000000
-8742243 -3718374 -9775243 -10000000 10000000
-900589 7254712 4493963 5 11
8137687 -2484193 2445856 -10000000 10000000
-2776526 -4675716 -8311183 -10000000 10000000
-1240576 -8209846 1301723 0 0
-6802400 -6409320 8970141 -2 3
-1531005 -7858322 3106587 0 0
-5973711 1384387 -3931983 -10000000 10000000
9621782 4386543 -2603971 -3 2
8556386 7730731 -1833198 -1 -1
-3191007 5995711 -3648696 -10000000 10000000
-5054920 -766643 -3646414 -10000000 10000000
2556047 -1798891 3227141 -10000000 10000000
-6042188 -8996709 4270701 -2 3
148628 -2617684 2376255 0 0
-5869923 6067361 3375991 1 1
7678196 -9858166 -8999225 0 0
5145545 -5891712 1884375 -10000000 10000000
-7075105 7561921 2419250 1 1
9537122 401976 1359600 -10000000 10000000
4396907 -7645057 9495652 -10000000 10000000
-2837815 6998834 514840 0 5
-1281710 5353798 3882467 4 4
1865160 5292616 1297517 -2 -2
2397672 9796634 630074 -4 -4
2108167 -1209729 -7839433 -4 1
-7555704 6352612 -5927450 -10000000 10000000
844302 -7975628 7261165 1 1
2646993 948201 -1737876 -4 1
-4461870 -8089165 8275911 0 0
-5769756 4362354 -3280388 -10000000 10000000
-8993413 -886603 -4321197 -10000000 10000000
-4599888 -9455390 3869167 0 0
-4240205 9328964 3132653 2 2
-2340996 2759024 2974208 -1 4
2316484 5282484 -9713354 -6 0
-6606653 2188904 -5209679 -10000000 10000000
-328923 -5501880 7434751 1 1
-4547316 9741518 4255682 2 2
-38958 3901819 -3542547 99 99
-3847409 7659074 9122046 2 2
-9302355 8852309 -2050510 0 0
1192638 6519201 2949894 -4 -4
-6187386 -2583595 -5856706 -10000000 10000000
9279074 -1321514 1451974 -10000000 10000000
-344547 6875996 -4258032 19 19
9196523 4904651 -5618083 -1 -1
-2558516 7625705 -3515842 2 2
-2085309 -7185190 8906445 -2 3
-7126473 3896173 -5353368 -10000000 10000000
-5764980 -53912 -6881231 -10000000 10000000
-2130031 5496311 -3691000 -10000000 10000000
-4242164 -4111287 -793032 -3 2
-4540841 -3959573 -2179072 -10000000 10000000
-6730523 3043837 5451048 1 1
-4991729 -3575371 5572059 0 0
9259037 -9950169 -765458 0 0
6877763 8255726 314283 -1 -1
-3634529 2733873 -7183017 -10000000 10000000
7352838 3305011 2688526 -10000000 10000000
-5370603 -5821064 7207489 -2 3
1034807 -7686144 -6140596 0 0
6654432 9153934 518044 -4 1
-8692387 -7049273 -8632987 -10000000 10000000
1581510 -7712144 6293990 1 1
-9305744 -83726 -3342205 -10000000 10000000
-641240 -7047537 -6298313 0 0
-9228444 1940388 8115960 1 1
756107 8924206 -9237071 -12 -12
6996506 9341530 -8391641 -1 -1
7717753 8404831 -8863679 -1 -1
-7174991 -6046566 -5108452 -10000000 10000000
4055339 1391664 -563001 0 0
-825809 -8185290 7553200 -2 3
2741859 -1258315 4900752 -10000000 10000000
-8896999 -7950094 -8821432 -10000000 10000000
9695622 5266456 8907888 -10000000 10000000
7775633 4206805 -6922263 -4 1
-4056116 -7066550 -5100291 -10000000 10000000
-8149419 6233032 1942501 1 1
3806227 -6949148 -3891302 0 0
1377945 -5976989 573763 0 0
-2413744 7603606 -6891243 -10000000 10000000
-6083170 1606208 8351691 1 1
5524360 8991648 -9559772 -2 -2
3974403 7377706 -9882890 -2 -2
-2720200 4816836 7587605 2 2
-8464924 8038226 7939897 1 1
-4295270 1134697 -9454624 -10000000 10000000
109419 496902 -3611010 -8 -8
-448419 -6629127 -4761371 -3 2
-2807062 5652419 8543267 3 3
7796121 -8703297 287426 0 0
9454363 -9797144 -9677397 0 0
-538732 694015 1048806 0 5
9150377 -6973639 7663288 -10000000 10000000
6581509 -6854662 -2808061 0 0
-8447820 -2412089 -8112980 -10000000 10000000
6423732 3477224 1764503 -10000000 10000000
-8322919 8309364 6257124 -1 4
-2749467 4055438 -9840032 -10000000 10000000
5676594 -8150125 1377506 0 0
7949123 -2034019 7317910 -10000000 10000000
-9120363 3113223 3944664 -2 3
6441048 -8373894 5311866 -10000000 10000000
5793088 9652198 4390214 -10000000 10000000
4368505 1312836 -4763118 -1 -1
4991392 4929553 4066861 -10000000 10000000
-5317265 8830433 6788783 2 2
2281251 9248411 8368571 -2 -2
6396050 -6019443 -5831663 -3 2
1386649 3984782 3892441 -10000000 10000000
2604446 -7236291 8416954 -10000000 10000000
-686584 8597442 7202648 10 16
-7432217 1217617 -7793313 -10000000 10000000
4297609 1191124 -5962395 -4 1
-6470404 3747790 -1062482 -10000000 10000000
-4638901 4600266 3329967 1 1
2999068 -3757659 -5649097 -3 2
2685221 3515320 -9129165 -2 -2
6473655 -2952074 -2492819 -3 2
-7146793 -6959023 -7626940 -10000000 10000000
-4913036 -74893 2663665 0 0
8497296 2853220 4645627 -10000000 10000000
7047427 -9506555 -6190505 -3 2
6324443 -1106921 -8639162 -1 -1
-8194548 2093781 -6993982 -10000000 10000000
7038056 9948695 -3002863 -4 1
1047239 1867917 9821466 -10000000 10000000
4195261 -8355472 -3197855 0 0
-5220020 1532286 1044698 -2 3
9393796 9535842 8966384 -10000000 10000000
7812674 -3388397 -1203793 -3 2
-3221939 2083558 -7809932 -10000000 10000000
-2392699 -8806638 6420474 0 0
8061487 2186259 -5385132 0 0
-1690905 -7385797 -6122172 -1 -1
8310058 9842577 3865983 -10000000 10000000
-4743083 8972760 -2616494 1 1
-6401268 -8345298 7362984 0 0
7401556 -4264640 -6858718 -3 2
5250466 -7949106 -2436550 0 0
-1740791 2180105 -5371965 -10000000 10000000
-5953981 -4540366 3417208 -2 3
9384612 -5679575 -2654614 0 0
-5425607 7849804 -8715273 -10000000 10000000
8201048 280213 -4816384 0 0
5809411 -553342 -5482495 -3 2
-5485947 -4806141 1762523 -2 3
-3878334 -9697442 -5185628 0 0
-9955104 4895652 -9587178 -10000000 10000000
-3638965 8707561 6546490 2 2
9555325 2633604 3944823 -10000000 10000000
-6316213 6079231 -960519 0 0
4405593 -4514368 4172557 -10000000 10000000
5386597 4800754 -4356213 -4 1
-8102486 -463443 -5158230 -10000000 10000000
1677598 -7833386 -5920183 0 0
8668033 -974722 352217 -10000000 10000000
-4344655 6174319 -4373076 -10000000 10000000
-2575379 9133162 6813525 1 7
-3808509 8841137 -6651152 -10000000 10000000
409192 7292749 3014319 -17 -17
-854889 369900 2836261 2 2
7524441 -132564 2847792 -10000000 10000000
-8559976 -9118794 -5060780 -10000000 10000000
3301406 7068801 -558178 -2 -2
-4972220 8324013 -895313 1 1
2993894 8201898 -7859568 -6 0
-296183 2109296 8098914 9 9
6102744 -7882646 9087795 -10000000 10000000
6867159 -8728469 797882 0 0
-7606401 6913252 6360089 -1 4
8278330 7081499 -9554074 -4 1
8555269 9064265 -3736367 -1 -1
-288428 -8845791 -3400935 0 0
9307453 -5203925 4935306 -10000000 10000000
6232246 9123004 7400193 -10000000 10000000
-8466204 -7484392 3960078 0 0
-9427714 -612396 -3374444 -10000000 10000000
-2907826 8396001 -4125012 2 2
2809609 8363173 470022 -2 -2
-9375518 4346180 -2429502 -10000000 10000000
8036122 -5509216 9253931 -10000000 10000000
1072156 3533655 8442920 -10000000 10000000
-9015524 -7164615 2491313 -2 3
-9922168 -1632979 -9797074 -10000000 10000000
-1025461 -8671585 -4694995 -3 2
8062804 -9375668 7865220 -10000000 10000000
4161971 -4263538 2513139 -10000000 10000000
9404692 5374110 -1166217 0 0
-8228907 6662258 8912263 -1 4
-8463584 -225234 -3397306 -10000000 10000000
-3316551 7140469 412231 2 2
2817399 -2206153 2603826 -10000000 10000000
-7382158 9729221 -4577366 -10000000 10000000
-9740698 1410963 -8211741 -10000000 10000000
8273079 -9599882 -4800002 0 0
6447509 -8861343 -3804875 0 0
70107 5076993 -8915246 -74 -74
7655380 1184593 -323392 0 0
-8671807 2734777 3954333 0 0
2259650 6762605 -6482341 -3 -3
3317514 -5567504 -4151266 -3 2
5545454 2614651 -8439971 -1 -1
9271024 -1178866 -3996047 -3 2
1000599 -1479679 9591245 -10000000 10000000
7769860 -6419798 -4557451 0 0
9637642 9183419 1737862 0 0
4514390 -3662734 -1519951 -3 2
-1227586 2862853 -1499053 1 1
-4112336 -7899744 -7742773 -10000000 10000000
-7098802 -6570401 -7576337 -10000000 10000000
-8036402 8234490 -7985787 -10000000 10000000
8523597 6241428 6622117 -10000000 10000000
-5092155 808329 7440129 -1 4
-2544704 6497441 8473000 3 3
-7350798 8161325 6746679 1 1
-1711756 4202717 -2961024 -10000000 10000000
-6966907 838404 -9328876 -10000000 10000000
1230467 1278881 2227602 -10000000 10000000
-4981748 -6836530 -6087900 -10000000 10000000
-4035049 -1034929 9133787 -1 4
-4694225 -8754278 -2113230 0 0
-8432296 -7605028 3585481 0 0
-4859465 956164 1363585 0 0
3538748 885042 -9638554 -4 1
-4651070 -126780 6588020 -1 4
-1357834 8414833 -1082027 6 6
-5818038 -6250069 -4175196 -10000000 10000000
-3864252 -891544 -3477459 -10000000 10000000
-8043758 3590697 7615340 1 1
1794536 -6712310 -1317543 -3 2
-6460536 5735145 -7454865 -10000000 10000000
9688757 6381425 331987 -3 2
7688021 8996157 9340410 -10000000 10000000
8223124 -6989797 -7958313 0 0
-6625298 1862476 -7287176 -10000000 10000000
-8073581 27376 -4214955 -10000000 10000000
-1068396 -3705408 -7921500 -10000000 10000000
9826363 5272996 -5186886 -1 -1
-1859575 6436054 3602038 3 3
1856450 2565158 -9181450 -6 0
6465273 -6312191 28782 0 0
-9293374 -3780820 74937 0 0
-880431 -2593735 3748779 -1 4
-6420227 -6019387 8788055 0 0
1916433 18739 3067070 -10000000 10000000
-2093420 -6109388 709949 -2 3
253559 758270 9175832 -10000000 10000000
-8464302 238502 2372328 0 0
-1400876 -7217658 4734507 0 0
-2625732 -1364234 -4578802 -10000000 10000000
8346580 8655544 4767819 -10000000 10000000
1899120 1754131 6639625 -10000000 10000000
6756501 -2620853 8848803 -10000000 10000000
-3557652 -9405989 1808064 0 0
6369554 5416950 932613 0 0
571102 -7512090 -4742208 0 0
-4144109 5467161 -6233117 -10000000 10000000
6393470 -3027636 1059564 -10000000 10000000
-6434802 -1921253 -8190318 -10000000 10000000
-1213736 2597524 4220931 3 3
6574176 -4193174 7826822 -10000000 10000000
750038 9041666 9809285 -10 -10
-5662209 1863529 9553224 1 1
-800573 1831089 8146722 4 4
-6968601 8425577 3402043 1 1
-7576286 6704361 9049747 1 1
438756 5307025 2955796 -11 -11
8736394 -2885108 -3910134 0 0
3268592 -5660362 489865 0 0
5617013 -2688680 -2541534 -3 2
-1133427 7856015 -9316367 5 5
5710496 -998366 8513014 -10000000 10000000
-7046226 -5741363 6111501 -2 3
-271153 -619697 -6331094 -10000000 10000000
-5265040 8287330 317395 1 1
-9168544 -2950729 1668063 -2 3
-5280881 2149024 7756367 1 1
3848659 8689169 -6527696 -2 -2
8897214 7732424 -292948 0 0
-5295862 2329092 -9881309 -10000000 10000000
-467213 -3899997 -85519 0 0
1778144 -2646159 9042234 -10000000 10000000
-5613520 8804230 4178506 1 1
-3772868 4508609 302278 -1 4
-3561543 -8098709 -7311745 -10000000 10000000
-2989964 7830412 9826585 0 6
-6481270 -6694372 1946724 0 0
9652403 2025011 -3436751 0 0
-1274858 9468270 4485929 7 7
8491673 -8871522 -4336243 -3 2
3542294 9123946 -7609775 -6 0
-8528816 -6021197 6996533 0 0
-3065988 -7292606 4286008 0 0
-9942655 5465715 -4219028 -10000000 10000000
-4285279 -5055465 914847 -2 3
2668275 7072424 -631327 -2 -2
9404093 -1686154 7133378 -10000000 10000000
9105326 -3059050 -1903409 0 0
-5697489 -9802163 9735594 -2 3
4534110 1399896 578296 -10000000 10000000
-4077718 -1812195 -6236892 -10000000 10000000
2775710 -3904985 586280 0 0
-4286981 5384772 420864 1 1
-5758657 1364665 -3247582 -10000000 10000000
-9901015 -7525217 9118220 0 0
7940442 -8309777 -9483426 0 0
5826366 8061717 -2390881 -1 -1
6009665 -7930783 8728052 -10000000 10000000
-43511 -8061085 -4743953 -3 2
-3756546 -763290 -653522 -10000000 10000000
2785127 -7514746 -2892180 0 0
4094038 -3990261 -4363606 0 0
9294867 -4848950 118176 0 0
-6065168 9859238 7962056 0 5
6187763 8002771 5775207 -10000000 10000000
-294117 -6298054 2731476 -2 3
-1062878 -6652151 -6910456 -4 1
356220 -3718575 -3481788 0 0
6481202 -176875 9720515 -10000000 10000000
8084627 -5525013 9847309 -10000000 10000000
-4507869 9554481 -8147055 -10000000 10000000
4915314 7857322 200980 -4 1
-2307010 3094873 4778650 2 2
4177895 -4237417 -7010525 0 0
9494676 710691 572433 -10000000 10000000
8371610 3514948 1485270 -10000000 10000000
2928992 5319808 8365915 -10000000 10000000
478052 3364754 4337766 -8 -2
6734941 9239829 -1022338 -1 -1
4022413 -3513646 4443291 -10000000 10000000
-5095105 484001 -9342208 -10000000 10000000
-5038838 -6340473 5024450 -2 3
-7806478 6810478 6067983 1 1
4208401 -2389140 9651970 -10000000 10000000
-2608128 -7284385 2752659 -2 3
1865673 1833689 4492902 -10000000 10000000
-919950 8722883 289458 6 12
-5557104 -3126814 3803385 0 0
-9301625 9993698 6732553 1 1
6898199 -1302523 3845398 -10000000 10000000
-2698370 4956744 7915262 2 2
35331 -7532309 -6641547 0 0
4276927 -6205565 3246444 -10000000 10000000
8572546 -3887660 3001741 -10000000 10000000
-7818880 5214141 -6394679 -10000000 10000000
7000543 -7058117 2588948 -10000000 10000000
-2663301 -6344720 5382316 -2 3
1564729 -7926294 2605764 0 0
-2992266 -891519 8476187 1 1
-1821966 -7413977 -9556159 -10000000 10000000
1389406 -8686660 9799575 -1 4
-7596578 -3319204 -784814 -10000000 10000000
610881 -6167645 -1658328 0 0
18032 1215842 7210920 -63 -57
-1259315 -5187159 -8056067 -10000000 10000000
4390525 2335956 2263755 -10000000 10000000
-8959079 -559239 -5485344 -10000000 10000000
8703311 7361688 9319314 -10000000 10000000
2749922 -6951942 6429505 -10000000 10000000
3031206 9852839 -3123991 -3 -3
838931 815481 -1899004 -2 -2
-1860644 -5771391 3008054 0 0
-4304500 -3899313 2768878 0 0
-9127237 -5338120 1740496 0 0
3522664 7071215 924073 -1 -1
-5137259 -6998831 -4043596 -10000000 10000000
-1847601 -8061725 5443706 -2 3
9772286 -8933769 4034335 -10000000 10000000
2625181 -2950538 7253831 -10000000 10000000
-6497295 187877 -428072 -10000000 10000000
7031338 -8941530 6924875 -10000000 10000000
5985888 4141253 -4373899 -1 -1
-7203914 -9072031 2599758 0 0
2400543 -8051009 1661979 -2 3
-4488738 6325059 4168987 1 1
8593744 7632943 3906304 -10000000 10000000
5962002 559206 6784459 -10000000 10000000
8064523 366905 -1425489 0 0
-5484744 -5155142 8140665 0 0
6677844 1409845 3441741 -10000000 10000000
-7024168 1006039 5415489 0 0
6178906 -5765822 2767086 -10000000 10000000
5251296 -969021 9056277 -10000000 10000000
6108720 -3661421 9314394 -10000000 10000000
-4301723 5086994 -5791452 -10000000 10000000
1380737 -8303794 5591690 -2 3
6330756 -9901203 9449115 -10000000 10000000
-6457157 2993547 -5318025 -10000000 10000000
9785496 8352022 -2919276 -1 -1
-2747538 -3671168 1203443 -2 3
-9278754 -5790593 -5165214 -10000000 10000000
1917277 647926 7574160 -10000000 10000000
746531 -4917479 837249 0 0
1746431 4825855 1591352 -5 0
-2417744 4352538 4916086 2 2
-1362068 7961708 1882306 6 6
-7206159 -5976308 771595 0 0
-5326165 1643477 214527 0 0
-7335912 6628998 8721773 1 1
2553796 -7216097 5691870 -10000000 10000000
9050674 -3735364 8319854 -10000000 10000000
-5897639 -3318484 5289177 -2 3
4570585 -7459986 -4791810 -3 2
-711915 3145127 -2337903 3 3
8182866 5208727 -6257741 -1 -1
9797679 -8785646 395728 0 0
999521 5281161 4212350 -4 -4
8098743 998135 3514473 -10000000 10000000
-2504391 -5845771 -3323105 0 0
3047282 9019128 -8829159 -6 0
8739455 -3079508 -290899 0 0
3017932 -3496481 -3543220 0 0
1233484 -6043151 -288080 0 0
-8358795 -2351408 -5700149 -10000000 10000000
-9170125 3113430 4935795 0 0
-9050077 -9024310 2515813 0 0
-747042 3454654 -7712500 -10000000 10000000
-5572977 5051447 -2821987 -10000000 10000000
5373133 4733821 7338763 -10000000 10000000
4766877 3433458 667259 -10000000 10000000
-6956809 6858585 -8962637 -10000000 10000000
848486 -4756713 -7071143 -4 1
-9752367 3800916 9764779 -1 4
-7439677 9584727 -3117159 -10000000 10000000
-2671651 6505689 6169244 0 6
-5943714 4320668 753463 0 0
-5165815 -3812944 4539541 -2 3
-770728 6869571 8718080 10 10
-6036157 -147831 2718248 0 0
3494362 -7587245 -6483087 0 0
-1721288 2329247 1786436 1 1
-8536244 1670840 -153629 -10000000 10000000
-8646377 3606557 6812648 -1 4
1843841 3034822 -2642070 -2 -2
9325370 -9384153 9971388 -10000000 10000000
-5615848 -2931812 2848942 -2 3
-7066814 2275946 9298279 1 1
-4643651 3165552 6708028 -10000000 10000000
7169255 -4540567 5598337 -10000000 10000000
9877692 4691359 6638800 -10000000 10000000
-4334852 1807072 -8739541 -10000000 10000000
-447664 2142244 -8911003 -10000000 10000000
-1672917 -9959680 8953317 -2 3
-8643488 6783787 2965057 1 1
-4090991 -6160159 3970366 0 0
-4477929 -1723443 -897781 -10000000 10000000
-8645126 -4825063 7256032 0 0
-2120006 -8265857 -7368670 -4 1
8998948 4932407 -3742065 0 0
-4697123 7984725 -9408956 -10000000 10000000
659142 8747001 -819167 -13 -13
4319733 6737772 -9544020 -2 -2
8448978 8505575 -8830860 -1 -1
-496420 -5719907 2895028 0 0
-4964587 2470147 4604708 1 1
552814 6953841 -4414788 -13 -13
-3537584 6395062 4405406 2 2
-4011356 2103905 1418134 0 0
-2450702 100750 -5515709 -10000000 10000000
-2315852 6620043 -2833980 2 2
-298093 5017560 -1817874 13 19
-5261123 23899 475806 -10000000 10000000
7695617 -4232202 -7404034 -3 2
2070308 2637735 7170654 -10000000 10000000
-2802803 623732 8025418 1 1
-7972948 7835441 5902007 1 1
4964775 -1281820 3648087 -10000000 10000000
9725664 7956600 -8756155 -1 -1
-6434975 7540217 2336809 -1 4
2061283 -2638483 -3016252 0 0
-6517722 9852551 -8574567 -10000000 10000000
-508109 4850041 940051 6 12
-3041053 5655071 -3222855 -10000000 10000000
-4064268 2964566 -9317895 -10000000 10000000
-5705032 3047760 -2908044 -10000000 10000000
-5718117 9284486 9784848 0 5
1235411 4340356 7146118 -10000000 10000000
-9153526 -2210933 2699569 0 0
-3299579 -6632748 355433 0 0
3666520 -8194824 74442 0 0
-4022246 -3093197 -5911051 -10000000 10000000
-4792964 961360 5179756 1 1
-3782868 -5182591 -2905177 -10000000 10000000
-2758811 9413477 1094368 3 3
1325625 7246193 -5987583 -9 -3
-3433016 6730331 -5468200 -10000000 10000000
8227738 917321 -3310142 0 0
3646692 -7445962 9965737 -10000000 10000000
5054626 -1591341 9472553 -10000000 10000000
3696792 3429832 -5862751 -1 -1
4867285 8704230 5609939 -10000000 10000000
-3341335 -6060350 9075637 0 0
-8181491 -1729042 6095641 0 0
-1950638 -6042685 -7751458 -10000000 10000000
-2980413 -918319 5737270 -1 4
5544049 -6993899 -5931533 0 0
1301151 -7389770 -7990553 -3 2
-6029474 3067628 -9246929 -10000000 10000000
5157970 -9620604 9474164 -10000000 10000000
4031049 2536110 4787834 -10000000 10000000
-8381759 -4900971 9408144 0 0
963263 9854739 -5180314 -10 -10
8395833 -8007275 1736916 0 0
6938332 -495907 -1050438 0 0
5783262 -9524949 -884376 0 0
1085070 -8245773 -9448268 -1 -1
-873469 -5655347 -5883218 -4 1
8934745 3948597 -2495040 0 0
7647157 -1262713 255984 -10000000 10000000
2482998 -3103384 9302950 -10000000 10000000
-1649507 2021085 -7766567 -10000000 10000000
-9645029 -2018145 -5797972 -10000000 10000000
2234826 2404634 3472460 -10000000 10000000
7278174 4784504 -7605427 -1 -1
-1253329 6222100 -9752464 -10000000 10000000
-8562355 9309769 -1230458 0 0
-129549 3597167 3139569 28 28
5265531 -6725514 6363712 -10000000 10000000
1367782 -9721204 619682 0 0
7314762 9005740 -1365797 -1 -1
-6765015 9325080 -7204507 -10000000 10000000
5115928 7483096 -8183593 -2 -2
-6531801 3083961 -7819707 -10000000 10000000
-4555190 9603326 5721836 2 2
-1780022 2708083 8046459 3 3
-9829422 9713427 -285665 0 0
5156110 -8057055 9406778 -10000000 10000000
7726549 -1808980 1067739 -10000000 10000000
-6672405 -6085848 5608175 0 0
-4851620 -851064 -7201659 -10000000 10000000
-85267 3262916 -112392 38 38
-688392 -2149741 3103089 1 1
-6188727 -7960248 8156751 0 0
2490679 -1635024 -4678635 -1 -1
-3685718 -8864164 8961601 0 0
-2713993 -2885415 -776501 -10000000 10000000
6014066 4136668 -7342881 -1 -1
1251397 -4263778 -838529 -3 2
-4013627 -2300923 7968531 -1 4
7037981 9995976 891554 -1 -1
426370 6408416 -6741913 -16 -16
-412396 4306988 9799268 12 12
-8680134 6573420 9535917 1 1
-5033246 9748381 5602583 2 2
9490564 3439034 625319 -10000000 10000000
6787621 4623510 9098676 -10000000 10000000
-3641843 -2666371 7139718 1 1
-5252971 8088336 -9745063 -10000000 10000000
7817621 -6414603 -3294535 0 0
9587323 4425368 -9828402 -4 1
5903607 -134295 -7559465 -1 -1
3568809 -2187220 -2915215 -3 2
1989807 7702370 -948618 -3 -3
6998152 -71584 -7508480 -1 -1
-9159726 -3226602 -9186786 -10000000 10000000
1778740 2463281 -2152762 -10000000 10000000
-3556632 4553574 7281184 0 5
-6102947 1136148 7499184 -1 4
-3105943 6790336 5554767 2 2
-9800827 -852182 -7259940 -10000000 10000000
-559999 3846408 3377745 4 10
9029404 5749312 6422906 -10000000 10000000
-2250848 -1445841 5510771 1 1
2262571 -2391141 7869077 -10000000 10000000
-8073143 -5255550 8728697 -2 3
9500589 1656715 480948 -10000000 10000000
952081 9025800 -1417526 -9 -9
-3899946 5764369 -1320001 -10000000 10000000
-2021683 1739887 7727322 2 2
-4380211 9047485 -2475263 1 1
779859 9991038 -2422076 -13 -13
1138557 -8923865 -8503576 0 0
-6369708 7208541 -7497184 -10000000 10000000
2895842 -2822540 -6219548 -4 1
-1372545 7375668 7719201 3 9
-4790231 2307764 7916462 1 1
3912480 7313260 -791459 -1 -1
-3713009 -4550696 2869875 0 0
-8639446 -1262622 -8495397 -10000000 10000000
1254223 -5773826 -7708772 -1 -1
-6096843 -1426536 5569703 0 0
6791654 -7483095 -3801710 0 0
6663002 9420388 4614478 -10000000 10000000
6503382 -691126 -5436299 0 0
-5303376 -3835599 7946682 0 0
-9412703 1787423 -6490646 -10000000 10000000
407938 225208 8630947 -10000000 10000000
-7700553 9434706 831486 1 1
3626538 2668304 3470885 -10000000 10000000
2162208 8265653 7881959 -5 0
-4943215 -7575676 5112184 -2 3
8471793 -7305769 387628 0 0
4745756 -1246131 -8358039 -1 -1
-5253694 8473786 6400954 2 2
-7059618 -6930562 3952830 -2 3
-8510340 4436983 468810 -2 3
-4515816 -9926504 -4202062 0 0
-6795450 843942 -7072423 -10000000 10000000
-3208365 -9838689 -4023805 -3 2
6058785 1636067 1967462 -10000000 10000000
-3078016 2190300 -3974676 -10000000 10000000
-4550605 1750844 5829735 1 1
1677943 -2357524 -2844202 0 0
-1850909 -5674137 4894382 0 0
-6195985 -7156228 -8681638 -10000000 10000000
-7322881 6336771 3223765 1 1
4773856 -373090 -3764385 -3 2
-5729052 2733937 6066562 -1 4
7321759 8792075 -2794971 -1 -1
1057572 -4288231 4826185 -10000000 10000000
-8099150 2727723 -8128959 -10000000 10000000
7490290 -7759978 -6632262 0 0
948679 -2983421 -9346711 -1 -1
-5996204 5535996 -8060658 -10000000 10000000
-4750792 -5648908 8492345 0 0
-9921238 1133553 6349541 0 0
-8968228 4648541 309758 0 0
6362857 -1967238 -3452716 -3 2
4692560 8986910 -2843732 -2 -2
-420984 -8644496 -2308290 -3 2
-7794602 -102904 -1688001 -10000000 10000000
7625680 -8981364 6712822 -10000000 10000000
5202963 1334674 -232855 -3 2
-8779197 -7200390 -9892390 -10000000 10000000
6281856 -9196278 8931733 -10000000 10000000
9471756 9783233 6670054 -10000000 10000000
-2631654 5054327 -6793936 -10000000 10000000
-2101711 -7173507 -1620357 0 0
-1952609 -1345089 -6417714 -10000000 10000000
5912135 5541608 -3440413 -1 -1
267512 -4526564 -9465164 -4 1
-6073198 2305302 3832014 -1 4
1380723 2397497 -9927885 -3 -3
-5702517 9805412 -4184986 -2 3
-9221146 -3841914 2247447 -2 3
5740347 -3446869 -7031949 0 0
-3669705 7028495 -4849901 -10000000 10000000
2213460 -9206947 5576855 -2 3
-9556695 7530841 -3367432 -10000000 10000000
9101400 9360842 1348606 0 0
8460740 294765 -379198 -3 2
3223433 -2857590 -7548814 -1 -1
-1239774 -1775373 4085476 1 1
6397989 7947897 1274256 -4 1
-386712 -3662261 136495 -2 3
-1876923 -7802892 -5425351 -3 2
-9589655 -9109160 5796605 -2 3
4878904 -8362351 -4957332 0 0
-2791717 6693934 -336929 0 5
-9762746 -3671532 -1359819 -10000000 10000000
1681269 -6093550 -3695791 0 0
9242873 -5722971 -6461212 -3 2
2838754 9912877 -4171500 -3 -3
5853369 2340196 -8837637 -1 -1
-8554644 -4120331 -4171853 -10000000 10000000
9165466 -3316383 5557917 -10000000 10000000
5802113 9543812 -4246611 -5 0
2363886 -9698577 2709653 0 0
-4510602 759914 4012913 1 1
-5754553 -6093580 2392780 0 0
1093627 -6720513 -5992920 0 0
5465611 -5456745 -9513304 0 0
6903178 -7376126 -9096527 -3 2
6097974 -9222100 -5073701 -3 2
-9099787 -8632910 4633458 -2 3
3710664 -6348098 6946899 -10000000 10000000
-5486695 -3567542 -2721611 -10000000 10000000
-8451848 8342423 1882518 -1 4
-6317324 -8197997 -7217325 -10000000 10000000
-6819876 -41928 1106712 0 0
7249274 -7347045 9364506 -10000000 10000000
8989791 5812491 1611879 -10000000 10000000
7253960 -7708915 874635 0 0
8302444 -444389 3389054 -10000000 10000000
826062 -2186110 -3821768 -1 -1
-1830498 -4393803 9551268 1 1
-8464832 3956569 8936282 1 1
-6876955 -6600247 -1491365 -3 2
7800497 -4478474 -5319621 0 0
-3700220 3295534 -8859056 -10000000 10000000
-2287480 3019562 4398999 0 5
-3647700 7283484 -6473155 -10000000 10000000
7036689 2265450 2712643 -10000000 10000000
-5669647 3010670 -3956299 -10000000 10000000
3457917 1186840 -4610652 -1 -1
-7500136 8431247 -9956147 -10000000 10000000
3354901 -5432822 -928368 0 0
8456698 4036464 3908504 -10000000 10000000
4078004 4895691 -9648658 -2 -2
5353618 -2668814 913286 -10000000 10000000
1992128 6126984 4260378 -5 0
6639804 -4134472 5654247 -10000000 10000000
9536468 -4653505 -841093 0 0
-6507012 -7814464 4395252 0 0
58808 -7744480 -4789829 -3 2
6049725 -5639876 733637 0 0
8548560 -541866 7639782 -10000000 10000000
-2170472 -7797980 2424799 0 0
-665831 -4050984 2935805 -2 3
-1588273 -632686 8713342 2 2
-9990232 -7286432 8146325 -2 3
5322515 3900002 -2873954 -1 -1
-835090 -876589 -5551990 -10000000 10000000
7411413 -7978816 -653436 0 0
-8359645 1853335 -2338780 -10000000 10000000
-3441664 8024703 -8661859 -10000000 10000000
-9973807 8973475 7246398 1 1
-666768 -419890 982708 -2 3
-3790707 -5301984 -1009679 0 0
1663687 136028 3249661 -10000000 10000000
-5463077 8965489 8055835 0 5
1624209 555562 4263483 -10000000 10000000
8027812 7809209 2072328 -10000000 10000000
4822989 9691228 -8387440 -2 -2
250750 8404148 3171986 -36 -30
-125054 -1393499 -9809830 -10000000 10000000
-4755064 -2994121 -2595836 -10000000 10000000
5531961 1129969 8933712 -10000000 10000000
-9347879 1249142 4444722 -2 3
9550836 5404393 -1829898 -3 2
2218649 -5068803 6363135 -10000000 10000000
-1797236 -4487707 -8376256 -10000000 10000000
-8065465 -1447308 -8959803 -10000000 10000000
-657457 -7474299 5532619 0 0
7459819 -7570179 9671711 -10000000 10000000
5381154 6339829 -9452486 -5 0
6971970 5266188 -1325562 0 0
1027783 -3475412 4496165 -10000000 10000000
3082235 -5897291 -2007294 0 0
6732119 2948869 -6758027 -4 1
1364931 2885717 -5324771 -10000000 10000000
-9266093 -4460912 -967966 -10000000 10000000
1810883 -4344254 -5757721 0 0
-2308225 -6192912 -1024493 -3 2
-5847139 3014025 -9914953 -10000000 10000000
-6929878 2965798 8616065 -10000000 10000000
-6077903 9142584 954623 1 1
9953122 4523823 -9449084 -4 1
8331231 8724810 6203234 -10000000 10000000
1952268 6101070 -1151341 -6 0
9096237 8791927 -3134921 -4 1
-6077219 -9621649 192653 -2 3
-8995273 -7441917 -3295355 -10000000 10000000
3203364 5758134 -6774896 -10000000 10000000
364376 2056466 6304825 -10000000 10000000
-660519 -3012413 -8717027 -10000000 10000000
4638952 -1032446 5222437 -10000000 10000000
-6687382 -1689916 -8742463 -10000000 10000000
-4855155 4944290 -2796819 -10000000 10000000
8197066 -3188358 -8310566 0 0
-7644181 -3272921 -1542886 -10000000 10000000
-2818046 -1658702 1566149 -2 3
-2181759 5860035 -115745 2 2
-2314522 5812125 3601069 3 3
-1005937 -8909025 2710140 0 0
1457919 -6450266 1803853 0 0
2050612 -1259918 -9953411 -1 -1
8003576 4059457 -9178196 -1 -1
-553789 2374304 3741594 5 5
-3986727 -6100713 4073966 0 0
9674412 -6655865 1161376 -10000000 10000000
5745166 -1786789 4873030 -10000000 10000000
769887 -269124 5249758 -10000000 10000000
9735043 3423993 -9447356 -10000000 10000000
-9099862 -9528954 -9754245 -10000000 10000000
-8632627 -8133401 9851527 -2 3
-6438849 -8315799 5326308 -2 3
-2142737 6291974 -2509806 2 2
6991005 6834369 -4870625 -1 -1
1342636 5391208 -3670845 -4 -4
-1693377 -6167192 8958339 1 1
-6862446 -2669222 -1072509 -10000000 10000000
7780549 1601436 2498240 -10000000 10000000
-6354035 -663204 -6138677 -10000000 10000000
4448311 -266562 -6406271 -1 -1
4553351 4984246 5469011 -10000000 10000000
1631952 -1030387 -3640066 -1 -1
-3321657 8840202 -8118953 -10000000 10000000
-7656589 -9200579 -8919286 -10000000 10000000
2802729 5569025 -1946500 -2 -2
-1799219 -9039718 -2988415 0 0
-1329447 -5742938 -8812189 -10000000 10000000
3459419 -4723815 3840950 -10000000 10000000
4726133 -1406373 -538301 -3 2
-6800925 -8028871 -7200903 -10000000 10000000
-6265215 9836060 -6107015 -10000000 10000000
-4929416 6262611 -8435592 -10000000 10000000
-8433708 -432544 257034 -2 3
-3758053 9541240 -7860131 -10000000 10000000
-3680710 1098438 -2734667 -10000000 10000000
-3594873 1103947 -2490408 -10000000 10000000
-5263246 -1017304 9623136 1 1
6375530 4525266 -6238868 -4 1
-8649436 667016 7725215 -2 3
4120932 -3693377 -9028568 -4 1
-9120561 -7678244 3538700 0 0
-627864 3975327 -2493271 5 5
-3146071 -2877086 -1838553 -10000000 10000000
-2695992 -8734409 410181 0 0
-7167039 -7766148 2341424 -2 3
-2105610 1277666 -1493283 -10000000 10000000
-135310 3447316 -1193574 22 28
2434328 764212 -7285361 -4 1
8784948 7943596 -1154526 -1 -1
4187005 3503989 1873781 -10000000 10000000
-4206229 -8455216 -6774145 -10000000 10000000
-9141067 -3743364 8240153 0 0
-3978542 -6055819 -5119119 -10000000 10000000
919227 -4057224 -5632902 -1 -1
-1783799 1602436 5672562 0 5
-9177274 -3378402 2128732 0 0
5301781 -8082988 -5295874 -3 2
9081876 8250138 -6746197 -4 1
3579465 6996813 -7679170 -2 -2
-6704455 -87751 570932 -2 3
-6934111 -9926049 1180330 -2 3
3305438 -7000599 -932238 -3 2
2752773 5103454 2562318 -10000000 10000000
7523199 -2863176 7572664 -10000000 10000000
6521364 9385492 9550132 -10000000 10000000
1698935 2893178 -6129262 -5 0
-8655620 -8424380 -6079016 -10000000 10000000
9749199 4421480 8332876 -10000000 10000000
5850825 -5768471 6774704 -10000000 10000000
-2044197 -7971373 6233535 0 0
-6213624 -1985209 -8898315 -10000000 10000000
-6657900 4495653 9780477 -1 4
4717015 -8839011 5195493 -10000000 10000000
-4980213 -839574 7577902 1 1
8121413 -884306 -7694791 0 0
-6713351 -9557531 -8373535 -10000000 10000000
-6660688 7688576 -7382094 -10000000 10000000
3362474 7485431 -3373752 -2 -2
-126398 3411213 9569507 29 29
4756833 7401334 -2838703 -1 -1
162490 -9891062 584310 0 0
6657799 -127227 263824 -10000000 10000000
-3605327 -7725137 8844407 0 0
4769954 -428347 -2810371 0 0
-2622500 6739510 -8239321 -10000000 10000000
7116161 6196420 -1945011 -4 1
