1000
-9304155 3390889 1428322 -2 3
9835014 3647759 9230429 -10000000 10000000
9909413 20442 3348944 -10000000 10000000
-867446 1121675 7891953 3 3
340623 -6474029 5446361 0 0
-6141552 900512 -4365370 -10000000 10000000
7138059 8488973 3649880 -10000000 10000000
-792477 1759610 -611879 1 1
8905926 -2788383 679073 -10000000 10000000
1295806 -7169874 8555617 1 1
-4197719 1474815 -6248749 -10000000 10000000
8153220 8568098 2237231 -3 2
-3384104 -7512395 -443275 0 0
-9252661 -2532753 -3757799 -10000000 10000000
-3887865 -7036385 -4926728 -10000000 10000000
-7748276 4668500 -465514 0 0
-374628 3237253 4698456 6 12
9487671 7295618 1149365 0 0
6040205 5388969 -8348935 -4 1
-3010907 -8352906 -2583533 0 0
-963987 6319570 687032 6 6
-8699579 6401575 -4768663 -10000000 10000000
-9144979 5964197 -7977180 -10000000 10000000
8562950 -99859 9662322 -10000000 10000000
2510735 8747904 -2743226 -3 -3
-9438871 3959983 -9524020 -10000000 10000000
-7026171 8613353 -7867684 -10000000 10000000
3715835 6533821 -9171702 -5 0
-38060 -9299700 2198479 0 0
5820146 8488366 327399 -4 1
-9627865 -5397685 5641975 0 0
-6608528 -3436238 3987740 0 0
-2504785 -4491937 7530195 1 1
-5459428 -2078281 -542850 -10000000 10000000
-3881064 -5396926 -130128 0 0
8605125 -1387080 6831710 -10000000 10000000
-3102784 -1524998 -2431441 -10000000 10000000
-635155 7940910 -4466959 11 11
7087026 -3634584 5066005 -10000000 10000000
611113 9627239 -2191210 -15 -15
2783745 -328135 -9357362 -4 1
-5047939 4141381 -1257848 -10000000 10000000
-5346502 736251 8500641 1 1
-9524593 -7687454 1199786 0 0
-721511 5484149 1344658 7 7
-9789167 -8261977 686262 0 0
-3162230 -7192008 914027 -2 3
3784916 5117929 -3036758 -1 -1
6201647 -1728342 -7100941 -3 2
6392494 -1203507 -4932317 0 0
4090822 -907070 -4792655 0 0
-8388242 -7230063 -8963833 -10000000 10000000
7654439 -5764736 -6791016 -3 2
-3602884 1145232 3905690 1 1
-6282914 -119835 -1041281 -10000000 10000000
-7485059 3326843 4511876 -1 4
422355 9318768 -1750285 -22 -22
2954229 64085 -6418241 -1 -1
-877767 672737 4200407 2 2
-4891427 -9336915 4991354 -2 3
5202233 5432357 3652049 -10000000 10000000
-9662767 -4796497 -7593640 -10000000 10000000
2730858 -1904248 5969695 -10000000 10000000
9268042 5254953 6064156 -10000000 10000000
-6273744 9917013 5220736 1 1
8944551 6850659 5520480 -10000000 10000000
-1930235 1343681 8767886 2 2
-1915824 -3567048 -7430744 -10000000 10000000
-116180 -1073525 3979706 0 5
-6933557 -1377094 8030635 -2 3
-5424824 5438329 -6154024 -10000000 10000000
-4542367 8582425 -1932405 1 1
-3420899 2181042 1802986 1 1
-7864655 -9133362 -8285717 -10000000 10000000
9573175 1324597 -8951909 -4 1
8059207 8748764 6895155 -10000000 10000000
-2686992 -5562768 7831619 -2 3
-7499565 -8876118 -8644781 -10000000 10000000
-180169 -2750058 1222290 0 0
-4590408 -3185227 -1971702 -10000000 10000000
-5390171 -9192605 -7563568 -10000000 10000000
-6577435 -1159503 -9048375 -10000000 10000000
-5689625 8668047 6475501 2 2
-8374622 -1508555 5620629 0 0
8463637 5429192 1240141 -10000000 10000000
9466276 -3277327 3326493 -10000000 10000000
5311126 -8215415 825750 0 0
7288606 -7170816 1570854 0 0
-5232894 -3057400 -311291 0 0
9195142 488506 2538913 -10000000 10000000
-4878450 -2735995 -53825 0 0
1389654 4708621 -8579165 -4 -4
-323861 -7926916 1779700 0 0
8755997 7949502 4578034 -10000000 10000000
-6649631 3096026 6851020 1 1
6663766 -2320105 8207228 -10000000 10000000
3640903 -2022510 -2067331 -3 2
-2043022 2297929 -2756597 -10000000 10000000
2668471 -3906334 -9288554 -1 -1
4703226 -6161178 6881391 -10000000 10000000
-4378628 6985316 -886044 -1 4
-8254290 -1160898 8280545 -2 3
-2166961 741106 981278 0 0
1370637 332275 -4860516 -2 -2
-2308009 -8415890 8719978 0 0
2854257 -4342050 -1079911 0 0
-6491834 -7971297 -4058059 -10000000 10000000
6287990 2436171 -8705102 -1 -1
2123483 -7219910 3368147 -2 3
-8441162 3646203 -8555327 -10000000 10000000
-3995708 -3911267 -7359851 -10000000 10000000
-9522092 3251326 -7618672 -10000000 10000000
-6926363 8131881 3282646 1 1
-9274516 -243654 7455868 0 0
2103235 4130461 -736234 -5 0
6596401 -5311462 -4930495 -3 2
-2044200 -9093725 -4648706 0 0
7198967 -882816 -9774713 -1 -1
-5480089 284383 7473133 -1 4
-1025885 4874959 9113255 6 6
905792 -5710313 4495666 0 0
-7153924 -2097691 -993803 -10000000 10000000
-8342942 6188544 -1481497 -10000000 10000000
9358893 -7808706 5704068 -10000000 10000000
1708418 3399102 -303278 -2 -2
-9633093 8786915 53378 0 0
-1677520 3972514 -7434018 -10000000 10000000
5533729 -2092204 2644312 -10000000 10000000
-9916261 7413871 6543913 1 1
6153021 1156604 -2882317 0 0
-4884005 2870866 -833595 -10000000 10000000
-328010 -4777193 -2166828 -3 2
170890 9574514 -8377350 -56 -56
-8082763 4524965 8483508 1 1
7034837 -4793139 853060 -10000000 10000000
-9082453 9656271 6186619 1 1
8882094 -798558 -7616977 0 0
-7626104 -4580016 7702246 -2 3
5137887 7687104 7490581 -10000000 10000000
1326288 -2618147 3497159 -10000000 10000000
-3988480 1377927 -1182695 -10000000 10000000
-3188166 2760008 3122283 1 1
-5758864 8715345 -9160246 -10000000 10000000
-5634585 -1105525 4910295 0 0
4876204 -1454794 3372453 -10000000 10000000
-6806172 -8720162 3485539 0 0
176122 -4148227 -7825953 -1 -1
-5926400 4012313 1574611 -2 3
7816450 -4618060 6258234 -10000000 10000000
1752885 2303540 -2793949 -2 -2
21291 -7516286 -1548800 -3 2
9196059 -8427227 7310549 -10000000 10000000
2375523 3554271 -7791329 -5 0
4385515 3190243 -8793748 -1 -1
852811 -33178 1696084 -10000000 10000000
-4801424 8539595 1680118 -1 4
6297736 9892741 4855760 -10000000 10000000
1107861 -7221866 -1716725 0 0
-9596776 -235268 6583348 0 0
5541350 -1409085 7088857 -10000000 10000000
3577215 806726 -5260512 -4 1
1335421 -2397872 6641490 -10000000 10000000
7416587 8630750 1684218 -3 2
827422 -8507317 4060970 0 0
4332879 -6382885 424461 0 0
6889891 3729830 47457 -3 2
-9971567 -8318178 8757275 -2 3
-1492989 738131 -8349318 -10000000 10000000
-4000489 -7578532 -5366813 -10000000 10000000
-131609 3250092 -5030171 23 23
-7562832 5561208 2256756 1 1
7750881 3272851 -1750332 0 0
9297397 7227480 4529311 -10000000 10000000
8836817 5272960 -8048837 -4 1
9394511 -2160746 709313 -10000000 10000000
-5542675 -2521417 -256413 -3 2
-7959505 5349747 -4832738 -10000000 10000000
3601638 6512635 2463483 -4 1
7414850 -5428152 9529203 -10000000 10000000
-7634509 3633567 3176551 0 0
7446739 -4176428 -9988542 0 0
-2767064 7052253 1613417 2 2
-7937438 467361 6603945 -2 3
870683 -3975330 -2803499 0 0
4870547 5616505 7865376 -10000000 10000000
8130434 -3426413 -4105796 0 0
-2172958 2424161 6544250 2 2
1444923 -7607423 4019553 0 0
-6853278 8188374 -8081014 -10000000 10000000
-8957288 -4744059 -7766604 -10000000 10000000
-4964365 -5067007 4226922 0 0
-8643632 1657936 -4344902 -10000000 10000000
7400338 1425341 -4846873 0 0
-4068483 -8755081 8707860 0 0
1191758 -8230966 6309181 0 0
1876126 -885340 -6593414 -1 -1
1708704 6410426 -7501771 -4 -4
2305477 -1052528 -9340833 -1 -1
-3491482 -231073 3447644 0 0
8633407 -3800916 -6411263 0 0
-2603392 1463874 -9868633 -10000000 10000000
-3326087 4946966 -5276693 -10000000 10000000
8811830 -5149570 -9116825 0 0
1783393 -8526733 9117316 1 1
3090130 -216198 5187192 -10000000 10000000
428397 257684 7652303 -10000000 10000000
-5008012 5142018 8988565 1 1
-3699775 4176879 -9774357 -10000000 10000000
1272094 -6173013 -9298635 -1 -1
1273270 -1699331 2863200 -10000000 10000000
5544802 6944349 -7708547 -1 -1
-5573868 -6176018 7940418 0 0
4677007 -1006181 8418392 -10000000 10000000
1389213 -9378639 -3825791 0 0
3378083 4412761 4814320 -10000000 10000000
8187240 -1031174 -1085214 0 0
-9368374 5693218 6551386 1 1
9457400 -5941062 246519 -2 3
-4413081 -7094543 7415069 0 0
-2244876 7252772 -5551865 1 1
-2716694 4855644 8901100 2 2
-2411502 2431366 -523152 -2 3
6185429 -809487 8674880 -10000000 10000000
9007934 -8455343 8357389 -10000000 10000000
8218947 391817 1188896 -10000000 10000000
-9206952 -2039459 808598 -2 3
5884927 3943138 3783760 -10000000 10000000
5965438 -5909607 -9577116 0 0
7313191 -509387 -4346035 -3 2
3878359 -378649 -5547611 -1 -1
-7424882 -5293418 -4871646 -10000000 10000000
-6830056 -9894423 6209206 0 0
5000288 -5208486 9442409 -10000000 10000000
-6836504 9110381 -6081828 -10000000 10000000
7545540 2844686 -2002685 -3 2
7757262 -5178212 7160156 -10000000 10000000
-3635928 -4549437 -4958861 -10000000 10000000
6630608 -9673022 -1308043 -3 2
-8201099 -8903426 3283448 0 0
5284556 7544997 6689815 -10000000 10000000
-4151910 6302788 -9415300 -10000000 10000000
1532302 -1059061 9516475 -10000000 10000000
589573 6228222 -5602820 -11 -11
7353757 9259077 7163240 -10000000 10000000
-3834483 773931 4524763 1 1
9630708 -7200411 3707093 -10000000 10000000
8181597 3043719 9866400 -10000000 10000000
223786 -4980186 -6032083 -10000000 10000000
-5751875 -1729871 -4729499 -10000000 10000000
2502808 -5663932 5691407 -10000000 10000000
-8238014 -4201275 -6526327 -10000000 10000000
4224192 4411308 6726653 -10000000 10000000
-1983766 2420419 -7759775 -10000000 10000000
6571634 2260524 3479202 -10000000 10000000
1595939 -5034140 7347748 -10000000 10000000
7126030 3947750 -4563578 -4 1
3973374 -8200577 -266414 0 0
5763375 1562159 -49419 0 0
-6706045 2585668 -4871165 -10000000 10000000
-433697 9436907 -9775298 20 20
-8792670 -9172438 1335892 0 0
3762869 -8376988 -3395234 0 0
-6282210 1298732 -2308000 -10000000 10000000
-4265222 -6506511 -8420897 -10000000 10000000
-7068850 1202679 -9045521 -10000000 10000000
7957588 2946178 -3304175 0 0
-5525965 -256268 3156192 0 0
2155196 8865053 4951772 -3 -3
6327096 -8897771 -4808518 0 0
-651358 4383110 8303343 8 8
-5083453 5596633 9065717 1 1
-8019990 5256092 1711312 0 0
-8986043 -4947109 9774432 -2 3
-8921013 -6351504 -3335225 -10000000 10000000
-9384834 -9669696 -461010 0 0
1314521 2260104 -2782962 -5 0
4234743 7950940 -8058579 -2 -2
-8112266 -526470 -4327330 -10000000 10000000
-5162276 -5321361 9284025 0 0
6086371 7831032 -7032209 -1 -1
4563048 5113351 -6404059 -1 -1
-3906268 313210 -8375211 -10000000 10000000
-8411060 -3197651 4163226 0 0
964114 9560441 -8350057 -10 -10
-3102580 -6160439 -7282233 -10000000 10000000
-9948205 -8794767 -9779184 -10000000 10000000
4224306 -8496194 -321815 0 0
6551516 -122333 -8628887 -1 -1
1168826 -8873990 7730477 -1 4
-9673304 3209426 -2288795 -10000000 10000000
-9849930 -9157565 4407795 -10000000 10000000
8776960 3516660 -4655444 0 0
6704660 -2645724 7094575 -10000000 10000000
-3108908 4173315 4691657 2 2
-1733176 -2041639 3046570 0 0
-332268 9182844 286022 27 27
-8761847 -1595894 -7034884 -10000000 10000000
-3026060 -1951765 -5862737 -10000000 10000000
-5331138 -830149 3541648 -2 3
-9418554 -5878041 198813 -2 3
-1221115 -115436 429510 0 0
322868 -4523148 -6271936 -1 -1
946617 2104975 2458794 -10000000 10000000
-7666205 8773856 -9481162 -10000000 10000000
5900131 5281629 5862368 -10000000 10000000
1210320 9697457 -8088876 -8 -8
-9984857 42838 -394992 -10000000 10000000
-966944 102980 7041061 0 5
-735989 -1804242 -5355977 -10000000 10000000
-3959585 9386682 -1928266 2 2
3000473 3713995 7007237 -10000000 10000000
-176071 -3088937 -5085273 -1 -1
-4230727 4507640 3405958 -1 4
-4643422 2909297 1900955 -1 4
2848672 3491942 -5233671 -2 -2
-8912084 6157264 -306423 0 0
5020160 418671 8141566 -10000000 10000000
7523472 -2334745 -6822809 0 0
1115912 8840021 -26092 -7 -7
-6875196 -5150942 6653008 -2 3
-7940871 5727573 5296145 1 1
-2460928 8591713 9977516 1 7
7063972 -9227784 3183039 -10000000 10000000
5092087 -2503511 7859282 -10000000 10000000
-2983911 5269485 -6799786 -10000000 10000000
3143683 623952 -419120 -3 2
3082659 -8020621 -7992110 -3 2
710456 -4635757 -4135190 0 0
9427507 8194628 -9503174 -1 -1
-9703354 6249249 -3417193 -10000000 10000000
-8252607 1540011 2769369 0 0
-1653815 -336094 -178432 -10000000 10000000
-3760674 3959580 1491687 -1 4
-525202 6352522 18611 9 15
-9684988 1234083 3877928 0 0
-1782559 -7492064 422207 -2 3
8117583 4329022 9297626 -10000000 10000000
3481227 -5667109 5715927 -10000000 10000000
16139 4054259 6539487 -249 -249
-6697761 9621924 7611385 2 2
-309554 7347150 -9665785 19 25
-9034517 -7404375 -8239811 -10000000 10000000
-4185610 -4824993 571324 -2 3
3425264 5908938 -1332301 -4 1
8443031 -7962573 -570182 0 0
-1342006 2483103 446235 2 2
3147190 -4646198 5515680 -10000000 10000000
-1161604 -7488616 6251213 0 0
-9910099 -5574530 2374787 0 0
-8092520 -301390 8029240 0 0
-4240096 4082293 6362153 1 1
669336 -3757937 -431733 0 0
-9615338 -6999315 4415426 -2 3
5635000 3902351 8994253 -10000000 10000000
2573419 -3958794 7724015 -10000000 10000000
9358634 2083794 3128234 -10000000 10000000
4940564 9133913 455978 -1 -1
2239296 5303007 8972678 -10000000 10000000
-4157217 6397049 -2352292 0 0
-4163611 -8699953 7882446 0 0
-4506373 1185525 8295111 -1 4
-3807246 4415114 6265334 1 1
-9859606 6629658 -8666503 -10000000 10000000
2916279 4711653 6207762 -10000000 10000000
-1236119 1890269 2009132 0 5
5097326 8944348 5066894 -10000000 10000000
8752515 -1780277 -9785778 0 0
-2150856 -2700467 -8941241 -10000000 10000000
-9288650 -9971929 -4435556 -10000000 10000000
1787377 -2037518 -5805075 -1 -1
-1427932 1397538 4624700 0 5
-3269827 -6610129 -1483326 0 0
-224752 -4248924 -673156 -3 2
6380463 -4654109 -4678003 0 0
-136821 2260903 -6766162 12 12
-8465173 1248488 -7519543 -10000000 10000000
-1464183 2869769 -6038949 -10000000 10000000
-7514122 -5899994 -9565210 -10000000 10000000
4554356 -967853 -7501060 -1 -1
2189690 -8512826 4380285 0 0
-5618805 -6704484 -197170 0 0
5204519 3438111 -8778787 -4 1
8325916 -7922087 4591223 -10000000 10000000
6136532 5968708 3605530 -10000000 10000000
5734033 6246412 -2052301 -1 -1
2223425 2555500 2884599 -10000000 10000000
7795883 -8702732 -620695 0 0
-8891290 -1658102 -4658420 -10000000 10000000
-4352149 -9503096 -6299660 -10000000 10000000
-2959124 3243347 9030173 0 5
2132322 4149919 7204551 -10000000 10000000
3299368 8109998 -946542 -2 -2
-7708422 -7164211 -1181359 0 0
249770 -5768412 -7053465 -1 -1
-6985776 9791819 -1996274 1 1
8968335 -7162462 -9484229 -3 2
-319310 4578474 7361164 15 15
-3852124 -6047635 3666908 0 0
-8338194 -3158970 -9281587 -10000000 10000000
4043 -3351364 4372315 1 1
2640141 -1720780 649781 -10000000 10000000
4520316 580902 8967095 -10000000 10000000
6336821 -6998887 -2465825 0 0
-6073709 9823354 -5367301 -10000000 10000000
-810580 -4698943 -3952150 -1 -1
-6302608 -6800523 -5719611 -10000000 10000000
-9805627 -9990770 5472065 0 0
-2713626 6794884 -4359791 -10000000 10000000
-2851320 -7522908 -421669 0 0
7274615 987230 1318153 -10000000 10000000
-55657 -9519886 7683378 0 0
-6107909 -4778302 2448947 0 0
3191449 992131 3665759 -10000000 10000000
-2893294 2375394 -6705660 -10000000 10000000
-1788678 4035374 -1258966 1 1
-2254767 7989072 5507298 1 7
9935651 4545359 -6865614 -4 1
3807135 6960146 207510 -1 -1
9035185 -2263047 -9577481 -3 2
-1915838 -9823534 -4096700 0 0
-7564125 -5078831 8237623 0 0
7415818 8400636 -9845213 -4 1
-5738513 -4430599 3467185 -2 3
6096843 2819402 -1361741 0 0
-767392 2157931 -7488750 -10000000 10000000
-5406167 2185827 8397168 -1 4
5967409 -6166037 9537428 -10000000 10000000
4860154 -843229 -346338 0 0
-1504543 9875525 6254187 7 7
5645048 -5220141 -2917337 -3 2
603315 -1324397 1156433 -10000000 10000000
-1679386 972096 -6363654 -10000000 10000000
-3143059 6904757 -6779669 -10000000 10000000
-8440752 7191322 5922517 1 1
5300818 6654623 -7683661 -1 -1
-2578385 -4095259 3467875 0 0
-1713519 -1356181 -840009 -10000000 10000000
6570484 5197115 158008 -3 2
-3756370 432280 -2366820 -10000000 10000000
1409006 -6150644 9705557 -10000000 10000000
-6756622 -241272 -9358406 -10000000 10000000
5262866 1961329 4723383 -10000000 10000000
-3189079 378546 -6475693 -10000000 10000000
401812 -5852180 1107206 0 0
-7813609 4320732 -1694433 -10000000 10000000
-3575786 -3017623 -3753195 -10000000 10000000
-2535280 8126009 -1343657 -10000000 10000000
-8531582 1736259 -3357844 -10000000 10000000
-7837762 -6216855 1162696 -2 3
-3838312 -4076539 -7998979 -10000000 10000000
756924 -7392422 1570838 0 0
-5518210 -6546646 -9716004 -10000000 10000000
-5280387 9648245 -9104935 -10000000 10000000
-1243601 7084455 1469390 5 5
2029376 -8966652 985057 -2 3
-814668 -6777524 -5056679 0 0
7323460 -3841463 1349822 -10000000 10000000
3589067 -6462362 -7134363 0 0
826720 -908260 5715514 -10000000 10000000
-9342524 18653 877981 0 0
-1395739 6129916 -4729228 3 3
-4798640 -1222703 5446563 0 0
7288380 8899420 2958138 -10000000 10000000
6258660 3829744 173253 0 0
-1294104 6173456 -2425562 1 7
-5495840 -7455835 -7627542 -10000000 10000000
507303 -7714294 9799804 1 1
-8980179 8074488 -4410072 -10000000 10000000
-9379840 -2073453 7418481 0 0
-3745649 4631011 8351568 2 2
-8554757 6515773 8601623 1 1
9824433 1125354 -1063906 0 0
6823462 -4581966 4754242 -10000000 10000000
7375519 -9536304 -3216394 -3 2
3845371 81739 582816 -10000000 10000000
-9995550 -537582 -859143 -10000000 10000000
4772365 -6094977 -8649753 0 0
7019330 -9398206 6414151 -10000000 10000000
-2358736 -9498962 6977457 0 0
4144778 2040896 8603217 -10000000 10000000
2834738 -5550256 9020384 -10000000 10000000
-6973884 8581669 1692727 1 1
7416843 2987127 8335950 -10000000 10000000
-3002867 -305480 7179187 1 1
481977 6232443 -7028850 -13 -13
-4302046 5401507 9732266 2 2
4882230 1570780 -8611314 -1 -1
-5053446 -8725430 -6777117 -10000000 10000000
-9617470 385778 -2453363 -10000000 10000000
-9378832 6092020 -5796839 -10000000 10000000
-1063395 878506 -3460328 -10000000 10000000
4267484 -7268319 9224062 -10000000 10000000
1402996 1073448 -1339846 -1 -1
-3333584 6091573 7587810 2 2
-6097469 1757670 -9448243 -10000000 10000000
-6032588 1067289 -7193182 -10000000 10000000
-187003 7884660 -6536490 38 44
-416487 4728647 4365531 12 12
960990 -1885391 -1209979 0 0
-5413096 9193709 7239208 2 2
-9051219 9621786 3905767 1 1
2974295 4760637 1934587 -10000000 10000000
6518749 -5544500 8190236 -10000000 10000000
-3254361 1175333 260314 0 0
-1612651 1468297 -4467162 -10000000 10000000
6305953 202555 -7732247 -1 -1
9773015 8373790 -3833165 -1 -1
9326676 -9496560 74450 -2 3
4278060 9030550 6467159 -10000000 10000000
1882724 697262 1859680 -10000000 10000000
-6498375 -6163962 -4599879 -10000000 10000000
-2547207 -845108 3006758 -2 3
-7193171 9161527 -1855100 -1 4
-5494377 6731380 1150695 1 1
1831456 2709605 -1200304 -1 -1
3267228 -1829831 8636000 -10000000 10000000
5258404 9542271 -4547222 -5 0
-7343947 2611644 -7391139 -10000000 10000000
7010044 6275564 2650849 -10000000 10000000
4972640 -3381854 9213301 -10000000 10000000
1950495 -56316 -3188496 -1 -1
9871903 4592966 -4854212 -3 2
-6206448 2327283 7758817 -1 4
3233265 -9130565 5022174 0 0
1009995 1242441 -4623841 -2 -2
3397107 -7581606 8402944 -10000000 10000000
-4443356 -2876418 4437830 0 0
-9533965 2651764 2105000 0 0
7712276 -1963238 7781757 -10000000 10000000
6479296 -7157778 3466334 -10000000 10000000
5000501 -9390614 235039 0 0
9500766 6271610 6607557 -10000000 10000000
6733113 -7673467 -4031244 -3 2
-7002704 6000403 987469 0 0
948519 3413640 5612127 -10000000 10000000
9595023 -5788401 -8747206 -3 2
-9905332 2229275 -4600112 -10000000 10000000
1070134 -6313373 -3396910 0 0
7373034 1659161 -5698489 -3 2
1382102 3161490 -9701534 -7 -1
-9524335 -9304586 -9272785 -10000000 10000000
9505174 -5006333 8464379 -10000000 10000000
-9829352 -5521498 -1855864 -10000000 10000000
6687508 2547085 8757368 -10000000 10000000
5745681 -9493459 543083 -2 3
1035273 -4516651 8148533 -10000000 10000000
9921913 -9143286 6868485 -10000000 10000000
1666873 2402475 -4846918 -2 -2
-453051 -1829088 8900333 2 2
8328503 3773616 3233270 -10000000 10000000
7077062 9440481 -1058933 -1 -1
8887516 1567285 2186614 -10000000 10000000
-6033789 -7583473 -7050559 -10000000 10000000
4698403 -3014345 -9395062 -1 -1
-5730170 -5074774 -8912689 -10000000 10000000
-9891257 5199287 4429866 0 0
5397191 2096871 9824803 -10000000 10000000
2091447 -5353199 8679208 -10000000 10000000
-7440103 3455675 -3858214 -10000000 10000000
8156558 -43343 -4905316 0 0
4861893 4060310 9261957 -10000000 10000000
-3694984 -5162041 -2960662 -10000000 10000000
6424023 8111251 9800258 -10000000 10000000
998068 -1945539 8222886 -10000000 10000000
5857190 3790227 5579824 -10000000 10000000
5598675 -5003826 7837345 -10000000 10000000
2625482 -3293849 2530106 -10000000 10000000
7229732 -3270535 -1736025 -3 2
3182194 -103043 -9239007 -1 -1
-3574735 5206071 9651526 2 2
-4614333 -9443985 3783974 -2 3
7578135 6508659 3540058 -10000000 10000000
5111789 -454478 403375 -10000000 10000000
3698411 -4476517 1255877 0 0
6509576 -5966106 -8498515 0 0
5483261 9011902 4490347 -10000000 10000000
-2353803 -7271692 -6334730 -10000000 10000000
8670236 -6670107 4791835 -10000000 10000000
7633960 -7369220 9112537 -10000000 10000000
-5471441 -8275734 -4980137 -10000000 10000000
-1830046 -4535947 -7938066 -10000000 10000000
6420170 -7645968 -167835 0 0
-5797061 8677304 -9853916 -10000000 10000000
-3714731 -5359080 -7301244 -10000000 10000000
-7865682 -9864857 3292765 -2 3
-7926275 5431983 8157830 1 1
-8381895 -127277 -6747959 -10000000 10000000
-6147372 -8303045 6445119 -2 3
-3956295 -6795390 1505659 0 0
-5756626 600816 -6513973 -10000000 10000000
805505 -701475 -4569895 -4 1
-3439770 1976184 6419796 -1 4
7153445 8146284 7258673 -10000000 10000000
3110853 4567359 -6458581 -2 -2
1366399 -7532801 1394977 -2 3
-1724286 4838692 -7483584 -10000000 10000000
691213 -9757138 -5056138 0 0
6259507 -2483846 -899845 0 0
-6884911 -2558488 -9528089 -10000000 10000000
6596226 -9553830 6498165 -10000000 10000000
8591613 -5894449 7740927 -10000000 10000000
3604933 -4246526 -6998879 -3 2
-9928188 6192651 -7546767 -10000000 10000000
-5693203 2189188 3031301 -10000000 10000000
-5426403 7657205 -731351 -1 4
-453710 -2871375 -4977061 -10000000 10000000
5092884 1582872 -6131084 -1 -1
-8675517 8195700 3070399 -1 4
-410134 -6512683 -8128874 -4 1
-1251010 7492139 189050 6 6
-5140587 -315475 2063432 0 0
5871938 -8597594 -9765689 0 0
1307894 -818062 1273940 -10000000 10000000
7421578 -832602 -4684876 -3 2
-4950787 9128389 9965996 2 2
7178130 5639101 9634797 -10000000 10000000
1799749 4174308 -3225931 -2 -2
-4614778 -2706195 6952547 0 0
-6400375 -4160896 -7647319 -10000000 10000000
-8840322 -8334780 7571922 0 0
2815222 6953126 8140662 -10000000 10000000
887851 8020621 -811067 -9 -9
7028465 1192532 5590196 -10000000 10000000
-6089755 -7338493 -6442283 -10000000 10000000
9213274 -781475 2754208 -10000000 10000000
4272871 -7082009 2145548 0 0
928473 9825441 -4775655 -11 -11
-517924 2652396 -7079121 -10000000 10000000
3063317 -3054791 2093193 -10000000 10000000
4426338 -5150667 4203663 -10000000 10000000
2855343 -7184847 -895661 -3 2
-1500511 7859092 3616720 2 8
272894 -7299725 -2310807 0 0
-9179155 -9829742 -3278238 -10000000 10000000
4358335 -1084362 626117 -10000000 10000000
4460734 689273 7161178 -10000000 10000000
5303708 -5449740 4724691 -10000000 10000000
9886700 -2214144 6874669 -10000000 10000000
3776725 -7034991 7869619 -10000000 10000000
6412107 -8604192 -9988360 -3 2
356400 5753441 7451330 -14 -14
4672444 3995367 -5034862 -1 -1
-9954330 -8488441 4503405 0 0
3454946 -4630756 -623879 0 0
5612056 -4432911 910259 -10000000 10000000
8243147 -7713204 -8731553 0 0
4197451 -2122797 -3553396 0 0
-4972451 -2363405 -7080190 -10000000 10000000
7949767 9813080 3115990 -10000000 10000000
-2005346 -4398507 3860849 0 0
-4662142 4494923 -6724281 -10000000 10000000
1258376 5730400 7334358 -10000000 10000000
-6565861 2112942 5250023 -1 4
8060871 -2190000 6146063 -10000000 10000000
9914032 1432509 -6200124 0 0
8155121 8314507 6942340 -10000000 10000000
5878434 -6779872 -9998036 0 0
2395471 -4283212 1338676 0 0
1424025 -7995241 -4096229 0 0
9955112 -96202 7370495 -10000000 10000000
6917348 7213189 9236270 -10000000 10000000
3302100 784802 4065084 -10000000 10000000
-8936227 -378333 7825169 -2 3
-3102479 -9223567 -3099628 -3 2
-4743949 7202471 1052226 1 1
1040522 -6866735 -4368508 0 0
9589228 2091115 4531415 -10000000 10000000
3728843 -9932616 5388356 -2 3
-9325820 -4943754 -321061 0 0
837404 4499887 8834428 -10000000 10000000
-2285623 -3136074 1436250 -2 3
1959441 -7466203 7269325 -10000000 10000000
6152361 2337516 -6293380 -1 -1
-6839639 379709 -6292887 -10000000 10000000
-254530 5539532 8393758 23 23
9133647 8826624 -6254294 -1 -1
2029710 -2149129 9394106 -10000000 10000000
-398595 3936949 9409723 11 11
-1335890 -1332406 -6839003 -10000000 10000000
3077900 2356637 -2448154 -4 1
8281305 -8719997 2913404 -10000000 10000000
-9528860 -1082016 7711769 -2 3
-4687236 -76163 4862015 1 1
-9217270 -989306 -8891708 -10000000 10000000
7300651 2514453 -7666726 -1 -1
2915301 5276143 -240986 -1 -1
-3741892 -7798280 5775326 0 0
-2443252 -4842533 1591139 0 0
-2294541 -3379997 -1155348 0 0
-5710663 9375735 7496356 2 2
6699654 2830904 5888915 -10000000 10000000
1770572 -3271526 6189896 -10000000 10000000
-5604452 8982060 -3256030 1 1
6933064 -5708115 9409401 -10000000 10000000
-5262435 -2015206 1436862 0 0
-3778059 8349279 7711750 2 2
6842251 191308 -107418 0 0
-4929739 -9802242 888057 -2 3
14881 9755479 -8858851 -659 -653
-4239497 -872472 938099 0 0
8094484 -1984653 5482237 -10000000 10000000
5829980 8522645 1062059 -1 -1
7605576 1375076 -7825973 -1 -1
973459 -1495617 3256093 -10000000 10000000
2068216 -5699235 1250900 -2 3
3950672 3081413 1913067 -10000000 10000000
-3172521 -7186870 7110865 -2 3
9684767 8151705 5571751 -10000000 10000000
-5414844 2526062 5856370 -1 4
-6999978 -5550020 22321 -2 3
3739512 -5353764 7880346 -10000000 10000000
-479015 -7075665 -1595144 0 0
-7244358 -2549694 464096 0 0
-195373 -8691367 -2359891 0 0
-39733 -5798016 7011282 1 1
-7232738 8241034 -5745983 -10000000 10000000
-7215750 -8936353 4117738 0 0
-3004421 -6055049 9668068 1 1
-1916794 -3067285 2973307 0 0
1823291 14202 -8643897 -5 0
-1518486 -1829284 1242167 -2 3
3396463 5325584 7799067 -10000000 10000000
-9947305 -86541 1432871 0 0
3319043 9862327 -6570106 -3 -3
-4004435 8205447 -5297072 -10000000 10000000
-4917016 8137034 4946311 2 2
2733802 -2577565 -6810235 -4 1
-9006922 -3175554 -5523127 -10000000 10000000
-8190983 1943636 -3531042 -10000000 10000000
-124211 326995 -1225815 -10000000 10000000
-4869585 -1179863 -6964198 -10000000 10000000
5388789 3918726 482845 0 0
-4768387 -3075587 450305 0 0
-8618077 -8416354 1561046 0 0
5518984 -7726878 1995437 -2 3
-4148021 -8307269 -7226474 -10000000 10000000
9139546 -9510458 6322663 -10000000 10000000
7273748 -7860113 4979390 -10000000 10000000
6930156 7291333 3324833 -10000000 10000000
-7994603 4678966 -9700866 -10000000 10000000
-8767075 7252946 -1741671 -10000000 10000000
7923843 -8747543 5958798 -10000000 10000000
-9894875 -118925 1314640 0 0
3548506 -67733 -2196163 0 0
-827614 1240283 -6807302 -10000000 10000000
-4543841 705595 -1289871 -10000000 10000000
-9742905 -9245830 4566138 0 0
-8481880 4718782 -7837388 -10000000 10000000
3074526 5783448 9056630 -10000000 10000000
-8278134 -6610578 4902571 0 0
7289346 -3689840 -6655436 -3 2
8487306 5340914 7994717 -10000000 10000000
-5483087 8800393 7266601 2 2
4934529 5222072 9333016 -10000000 10000000
6853379 -3311817 -6130637 0 0
1100630 2659282 -3420716 -3 -3
-1630221 -7237217 2835271 -2 3
-3027903 5521100 -3190455 -10000000 10000000
2794511 -349033 3482421 -10000000 10000000
577155 8617081 3107088 -14 -14
-8559638 -2489424 2662962 -2 3
-6358247 64593 213702 0 0
6154760 -9890684 -3065892 0 0
-9908363 3113552 7490161 1 1
7561076 -6827915 -3613306 0 0
-1262938 -6449652 4113324 -2 3
8359373 -6911030 1717074 -10000000 10000000
-991729 3712958 -6435339 -10000000 10000000
-8273139 673412 8146621 1 1
-5673870 4700770 -2204421 -10000000 10000000
-2681745 1492999 -2010016 -10000000 10000000
9097535 -4513777 -8647100 0 0
-9443825 -6503624 -2707917 -10000000 10000000
-4454704 -5811421 9548743 -2 3
-6290132 4926004 3125679 -1 4
4854662 8847678 -7258735 -2 -2
2866204 9383403 2880092 -2 -2
5407476 6747864 -4186821 -4 1
-152620 -2795767 -5523086 -2 -2
-2007354 1591807 2136636 -1 4
-3265189 4886504 2733729 -1 4
1258203 4544822 257528 -3 -3
1329002 2830828 2793814 -10000000 10000000
-6996438 -2285197 -3774634 -10000000 10000000
6993734 -7476881 -8539970 0 0
9986281 4215769 -8733468 -1 -1
4902997 9006825 -5227614 -2 -2
-9802828 -4758296 5128603 0 0
6343607 -2147305 2931539 -10000000 10000000
4706750 -4371841 -802568 -3 2
4357276 -3517569 3683981 -10000000 10000000
9515321 -6621597 7038536 -10000000 10000000
6280678 8115608 4667803 -10000000 10000000
6636747 3168393 -2586136 0 0
-6261410 -2502248 7586306 0 0
911987 2726053 3623153 -10000000 10000000
1057660 4080378 7825025 -10000000 10000000
-2051921 -5316806 -3255170 0 0
6566545 -7060548 9562506 -10000000 10000000
-3429104 1951671 -4128281 -10000000 10000000
8655075 4739049 1713723 -10000000 10000000
1552801 8095987 4564952 -4 -4
-6823764 1321861 7138619 1 1
-7304645 1006398 -680193 -10000000 10000000
-2805663 -3696753 -4308043 -10000000 10000000
9573928 -667261 4009747 -10000000 10000000
2647299 2569050 -1969768 -1 -1
7775400 -8656681 -7168860 -3 2
-3489135 -5090088 3727672 -10000000 10000000
7452985 3631363 9807843 -10000000 10000000
463011 -5561892 -3711966 0 0
4391003 -9556936 5674532 -10000000 10000000
-8138560 7652669 -268572 0 0
-6488849 3071650 2930113 -2 3
-8522312 3817429 -2972985 -10000000 10000000
3061900 8711335 -8837391 -6 0
-9370780 376445 -2896912 -10000000 10000000
-5915851 4742547 4937197 1 1
-4832808 4507778 -2221992 -10000000 10000000
-5979802 9752136 6082316 2 2
194507 -5573880 -5366877 -3 2
-2993453 -2399936 -7578619 -10000000 10000000
6949511 6379833 -8942902 -1 -1
9321953 -9759031 4746548 -10000000 10000000
67146 -6365924 2477681 -2 3
-9100079 8361668 -8108311 -10000000 10000000
-9427094 3383450 8929512 -1 4
-8385720 -7852090 2047443 0 0
9527140 -5665354 -6908048 -3 2
1967744 -5435017 -8566689 -1 -1
-5335368 -7970144 -4484810 -10000000 10000000
-4909479 2467462 -9551566 -10000000 10000000
-5148409 1013647 5464360 -1 4
-8745921 5281042 -3483166 -10000000 10000000
-8071447 1751300 5265071 -2 3
-9606147 -6114472 3601646 0 0
-9344752 -1180387 -5893315 -10000000 10000000
8611708 -6566368 -9181885 0 0
6237793 3824865 -7630600 -1 -1
9252154 -928558 -7977648 0 0
916210 304622 1808713 -10000000 10000000
-471713 944983 -4215480 -10000000 10000000
-2309008 -1955088 325539 -2 3
3452544 5418832 -3544152 -5 0
8807427 3734683 2425354 -10000000 10000000
-8555208 -4549665 9969057 -2 3
6322725 9745624 -2460933 -1 -1
-4279478 -9869239 -9666719 -10000000 10000000
-897080 1119332 3609405 0 5
1258594 4533741 9585352 -10000000 10000000
-4878391 -8305817 -3662652 -10000000 10000000
788222 -2553057 1179440 0 0
6309301 8412801 -8930005 -5 0
-7475590 5060421 7844716 1 1
6197782 701989 9488503 -10000000 10000000
1432123 -1737500 3230113 -10000000 10000000
6106232 -4086910 3606345 -10000000 10000000
-4480244 -1527972 -8441064 -10000000 10000000
-4719665 8355074 4419605 2 2
-730564 -150702 -3903741 -10000000 10000000
-8255660 5971940 -8119801 -10000000 10000000
3768810 -1077885 4547199 -10000000 10000000
-401425 -6930070 -7469525 -1 -1
9822643 -8839794 -8592218 0 0
890442 8436215 595465 -9 -9
9558122 -4309464 -5434304 -3 2
-6500013 -6284208 2471528 0 0
-3046151 -6537923 3488963 0 0
-5926429 4352780 5154583 1 1
-6728321 -3641055 -6363279 -10000000 10000000
-709242 7130056 1628015 7 13
5249683 -9238481 -7074986 0 0
2384413 -1225471 1588726 -10000000 10000000
-3996497 -3066100 9723068 1 1
-8080869 -8875764 3333187 0 0
2464143 1047727 5362176 -10000000 10000000
-6741419 -7651575 -9761348 -10000000 10000000
-5599760 -6019604 7829287 -2 3
-8513640 -5095281 -6131857 -10000000 10000000
8257419 -5962882 2250150 -10000000 10000000
2764767 -6715153 -7207032 0 0
1282653 -6818409 6203812 1 1
8780591 -8186862 -3133504 0 0
4848896 4543352 7930717 -10000000 10000000
-6496531 7758664 -393386 -1 4
5497446 2042981 -2140391 0 0
-2114530 7926550 4299348 1 7
-2649637 5530857 4256125 0 5
8587012 1377667 4803391 -10000000 10000000
3392780 -5073927 5589422 -10000000 10000000
1653692 6370199 9908489 -10000000 10000000
8461002 2605105 2553807 -10000000 10000000
1286057 2537710 7828075 -10000000 10000000
-4574846 -5860353 -3973934 -10000000 10000000
-8655579 1411688 2319393 0 0
-1975077 4934188 -2948713 1 1
-6018406 -3605222 3387741 0 0
6436621 734796 7162252 -10000000 10000000
280147 6976589 6732381 -23 -23
-3996842 2962367 6167004 1 1
-8088776 9508227 9459249 1 1
-7562216 4069667 6689297 1 1
9383343 2320246 -4054161 0 0
-9388366 -2029438 109574 -2 3
-5071752 2703934 3324108 1 1
-689088 5345276 5942937 8 8
-9031156 7944140 -7214381 -10000000 10000000
-1753209 5144455 -5066714 -10000000 10000000
-756635 -1128803 -604607 -10000000 10000000
677965 -2954641 -6932897 -4 1
-8305983 -8315553 -3954240 -10000000 10000000
-3092508 2556925 41029 -2 3
-3320539 6301002 -2515876 1 1
2957869 2011943 9479418 -10000000 10000000
-2137146 3713850 3259812 0 5
5243887 4389831 -6942150 -1 -1
-5768547 9221822 -1929366 1 1
-5646759 5313759 1803581 1 1
5068523 2838330 5837303 -10000000 10000000
-9759697 4163140 1112816 0 0
-7305201 4541337 8306152 -1 4
-7166876 7272207 -9845450 -10000000 10000000
-3384135 -3002388 -6732091 -10000000 10000000
3980113 9543918 -7052966 -2 -2
-10945 4378211 -8376200 398 398
8931908 -6025076 3112101 -10000000 10000000
4713617 -1905453 8302659 -10000000 10000000
5914547 -3486122 -5705643 0 0
-5867165 -43736 -4689791 -10000000 10000000
5131650 2461380 5819059 -10000000 10000000
8206564 5599665 -5678840 -1 -1
-537068 -5683253 5182739 -2 3
8365927 -7104862 36062 -2 3
9152069 9390127 -4712986 -1 -1
7080954 -8386786 903314 0 0
5762725 -2047972 -1452561 0 0
-1071873 1657802 7273917 3 3
-2512146 6921708 6442229 3 3
9087299 2479637 -7553918 -1 -1
-6346769 -9463715 -6925037 -10000000 10000000
355805 3225208 -9518058 -11 -11
-8537809 345065 8292369 1 1
-7627044 -5182035 1794247 0 0
1742169 3853219 5154060 -10000000 10000000
-5465742 8358026 -3216806 -10000000 10000000
6285718 6879570 5422344 -10000000 10000000
-3757865 -1628753 108687 -2 3
-7945444 -4457633 -6199985 -10000000 10000000
2974526 -5736881 1479186 0 0
-6720941 -8405316 -1503169 -3 2
-9032027 5458029 6684454 1 1
-9801706 1667764 -1031984 -10000000 10000000
-712012 -2694793 -3455540 -10000000 10000000
6217456 -5977605 2228941 -10000000 10000000
6756061 -2414789 3129670 -10000000 10000000
-8022536 5956602 87940 0 0
-3392496 -6669160 -5438124 -10000000 10000000
4998992 -824038 5057778 -10000000 10000000
1195101 -231906 -2915402 -1 -1
-7475745 6439108 -6192374 -10000000 10000000
2957581 2590842 5238800 -10000000 10000000
2265661 -3985383 9574790 -10000000 10000000
8021844 1814568 -4037389 0 0
6264635 1328927 2036960 -10000000 10000000
8072293 -4350175 -8287396 0 0
-3893688 -4966353 -3144028 -10000000 10000000
4297674 -899387 -8667136 -1 -1
1895480 -577083 -4545585 -1 -1
-1327558 -1960819 9980956 2 2
3745668 4054560 -6547680 -1 -1
5332231 -8007764 -8990298 0 0
5940800 9596272 3669806 -3 2
-4613519 -3523057 8885586 -1 4
-8953225 2669559 -3759239 -10000000 10000000
3109545 -9272059 -8820016 0 0
8210268 -4804760 -5906951 0 0
-7466426 -817781 -9603832 -10000000 10000000
-8040381 529255 -4272670 -10000000 10000000
7133558 -5913688 -5454424 0 0
4818358 -5899997 -5414900 0 0
5855234 2840825 1152352 -10000000 10000000
5230223 1517957 5191542 -10000000 10000000
6444267 3880755 -8672135 -1 -1
6044674 5029674 288869 0 0
-9347064 1437843 -1191028 -10000000 10000000
-391139 5359550 5144043 11 17
-1245401 4264861 9717021 4 4
8236332 -8630721 4365103 -10000000 10000000
-5783803 3135019 7374481 -1 4
4020946 6895236 -8857148 -2 -2
169689 6713332 -7964854 -40 -40
-8373442 2075395 -6898631 -10000000 10000000
9769578 9984845 5252529 -10000000 10000000
9836956 -5310455 7778335 -10000000 10000000
-2244517 3361177 379768 1 1
-5663641 -7717264 1611287 0 0
-3593206 3200241 6985024 1 1
76572 -6760635 -4344241 -3 2
7206214 -8346281 -1792238 0 0
7355969 -103982 6822272 -10000000 10000000
