111
1000
10
10010
10000
100
10101
111000
100100
100000
10010
111
10101
1100
10011
1100001
100100
11011111110
11001
1110110
1000000
1111110
10011
1110
1001
101010
1111111101
11011010
11010101
1001
100110
11100000
111111111111111111
11100001
1000110
1001010111
1011011
110010
100111011
1001010
10001100111
10000000
10010
11101111
11101000
100001010
100110
100010
11100
1110001
10010
10101101011
11101111
1010111
11111011
111010
1111011111
100100
100101111
11111111100
1110
1001011
11101111
111000010
1101000101
1000
10010001
111000010
10010000
101010
10011
1101111111000
100111011
100100000
11111111100
1101010
111111
1101111100
1111111
110110
10010100
1000000001
1000
111101111100
101001
100100
10111101111
1000110
110101100
11111
100010
110111101
11111010111
100110
1011101
11011010
110000111
110111110
10010101101
11100
