1
10
111
100
10
1110
1001
1000
111111111
10
11
11100
1001
10010
1110
10000
11101
1111111110
11001
100
10101
110
110101
111000
100
10010
1101111111
100100
1101101
1110
111011
100000
111111
111010
10010
11111111100
111
110010
10101
1000
11111
101010
1101101
1100
1111111110
1101010
10011
1110000
1100001
100
100011
100100
100011
11011111110
110
1001000
11001
11011010
11011111
11100
100101
1110110
1111011111
1000000
10010
1111110
1101011
1110100
10000101
10010
10011
111111111000
10001
1110
11100
1100100
1001
101010
10010011
10000
1111111101
111110
101011
1010100
111010
11011010
11010111
11000
11010101
1111111110
1001
11010100
10000011
100110
110010
11100000
11100001
11000010
111111111111111111
100
