101
1000110
11100001
1001000
101010
1000110
100010011
110111111100
1001010111
110
111
10010000
1011011
110010
1101010
110110100
10101111111
110111110
100111011
111000
11011
1001010
10001100111
11101100
1000
11110111110
11010011
10000000
100100001
10010
101001
11111100
11101111
11010110
11011111110
11101000
10001
100001010
110110101
100100
10011
100110
1001
1111111110000
11011010
100010
1100001
11100
110111
11100
1110001
11001000
10111110111
10010
1110110
1010100
10101101011
100100110
100011
100000
11101111
11111111010
1010111
1111100
1111110
1010110
11111011
10101000
10111101
111010
1111011111
110110100
1011001101
110101110
100100
110000
100101111
110101010
11010111
11111111100
1001111
10010
100101
110101000
1110
100000110
1001011
1001100
1010111010111
110010
11101111
111000000
11001
111000010
101010
110000100
1101000101
1111111111111111110
111000011
1000
