10010001
1010
11010111
10001100
111110
111000010
11011111011
10010000
100111
101010
110100011
10001100
10011
1000100110
11011010
1101111111000
10000011
10010101110
1110111
1100
100111011
1110
1001111001
100100000
11111111100
10110110
11001101
1100100
10000100011
1101010
111111
1101101000
111110011
101011111110
100110
1101111100
101010111
1001110110
1111111
1110000
111101
110110
100111110111
10010100
11000010
100011001110
1000000001
111011000
1111100001
1000
110001001
111101111100
11111001
110100110
1000110
100000000
101001
1001000010
10101
100100
10111101111
1010010
10001101
111111000
1000110
111011110
1011111111
110101100
100100011
11011111110
11111
111010000
10101
100010
1100
1000010100
110111101
1101101010
11111010111
1001000
101000111
100110
10010111011
1001100
110010
10010
1011101
11111111100000
1100110001
11011010
100110111
1000100
110000111
11000010
110111110
111000
1111011111111111111
1101110
10010101101
11100
