36
1
25
16
4
4
4
4
49
25
4
144
4
1
4
4
1
36
1
1
9
4
1
576
36
36
4
1
9
1
9
9
1
144
4
9
4
64
1
1
4
1
4
1
1
9
289
4
1
1
16
9
49
4
16
4
400
1
4
4
9
4
4
4
4
4
4
784
4
4
1
484
1
4
4
75076
49
4
169
9
1
1
4
4
4
324
16
4
121
1
9
64
2401
1
1
1
1
1
1
16
16
4
1
25
16
1
4
9
49
36
1
1
25
4
1
1
3837681
1
36
4
4
4
9
16
9
4
1
9604
1
1
4
25
4
4
4
4
25
4
16
1
25
9
1
25
4
49
9
4
4
4
1
4
4
256
9
64
4
100
25
4
49
1
4
4
9
4
1
4
1
8649
100
1
1
4
9
1
1
49
1
9
275626404
16129
121
1
9
25
64
1
4
121
676
4
289
1
25
225
1
4
1
400
1
4
4
4
1
36
4
1
4
81
16
1
9
1
4
16
1
1
1
9
36
9
1
9
4
1
100
4
1
1
81
1
36
4
9
4
4
169
1
4
4
1
49
1
4
9
9
4
1
4
16
1
9
1
9
1
16
36
25
4
9
4
4
4
1
1
1
9
256
4
9
4
4
1
4
4
4
4
4
3136
64
9
7225
4
1600
4
49
1
1
25
9
1681
1
1
576
1
4
81
1
1
4
4
1
1
16
4
25
1
4
49
1
1
9
4
9
16
4
1
9
9
1
4
49
4
4
1
1
25
9
625
4
1
400
36
4
1
1
4
9
144
1
4
1
9
4
1
1
2025
4
1
4
4
16
1
1
1
9
1
1
1
1
262144
1
16
324
9
4
36
64
1
25
9
4
4
9
16
1
1
144
4
4
16
25
361
4
16
9
9
4
4
16
9
1
169
4
1
4
36
1
9
25
9
1
1
4
484
9
1
25
1
1
7056
1
1
1
1
1
4
1
4
1936
4
9
9
4
4
4
1
4
4
4
9
25
441
1
4
4
1
1
1
1
4
1
4
4
1
144
9
16
4
1
1
1
1
1
64
4
1
4
25
4
1
9
36
1
4
9
169
4
4
9
9
400
4
4
16
1
49
9
4
4
9
1
4
1
1
25
4
25
81
324
1
4
16
8281
16
64
4
4
4
1
9
1
4
25
441
1
4
1
9
1
4
1
16
4
23409
81
4
4
1
1
4
49
1
484
4
144
64
4
4
36
36
1
1
4
16
1
1
1
4
9
1
4
1
4
4
1
4
36
3844
1
169
4
1
4
4
1
25
4
1
4
1
1
1
81
1
49
4
4
4
36
1
1
900
4
4
4
4
1
16
4
1
289
1
1
2365444
9
4
1
4
9
4
4
9
1764
25
9
1
1
49
4
9
4
1
36
1
9
4
1
4
1849
121
676
16
64
1
1
16
9
25
1
49
4
9
4
64
25
256
961
4
16
25
1
1
1
4
1
1
16
576
4
1
9
16
1521
9
4
9
9
1
4
1
900
400
36
1
4
16
289
1
16
4489
4
4
4
256
121
225
1
4
4
9
1089
4
4
4
49
4
4
9
16
196
4
784
1
100
1
4
4
4
4
9
9
1
100
625
1
25
121
4
4
1
1
9
25
9
1
1
1
36
4
1
4
81
1
49
1
36
16
81
9
25
9
25
4
324
9
9
484
25
9
1
64
9
16
4
100
4
1
4
25
36
4
25
16
4
1
4
1
4
9
1
1
4
4
16
9
1
9
4
4
16
25
1
4
1
9
4
1
4
4
4
49
16
100
6241
9
9
9
1
4
1
36
9
9
1
1
36
16
4
289
1
4
4
4
49
1
1
1
1
1
4
36
1
1
9
1
1
25
1
4
4
25
1
1
1
4
9
16
4
25
25281
121
1
49
4
1
1
25
4
4
36
9
1
1
676
9
4
1
4
4
4
49
16
1
4
4
225
1
4
1
4
1
9
1
1
4
4
4
4
25
1
4
1
1
1
4
9
9
4
4
25
1
1
9
4
1681
1
36
1
9
1
1
4
36
4
1
4
4
1
25
4
9
4
9
1
16
1
4
1
49
16
1
100
4
1
4
784
4
25
1
16
64
4
1
4
4
4
1
81
1
4
4
9
4
4
9
441
1
36
9
4
1
1
81
1089
4
9
16
9
25
4
289
9
4
4
4
4
4
64
4
169
625
25
1
4
196
4
9
36
4
729
36
4
4
1
16641
4
1
81
4
256
4
1
4
1
196
16
4
48841
25
1
4
4
1
4
25
81
1
4
361
4
4
1
9
484
1
9
1
4
