1000
321361 321361
625258 312629
595188 6012
727853 103979
933183 311061
222951 74317
438792 109698
724836 241612
477254 238627
965296 241324
432419 432419
555642 277821
784074 46122
268484 134242
408239 408239
126756 63378
185174 92587
284922 142461
670307 60937
951570 317190
505266 252633
471183 471183
510783 24323
953148 11347
592495 8345
789636 263212
809868 404934
458152 229076
497186 497186
744146 372073
476956 119239
251690 251690
439194 146398
813888 8478
639030 213010
281140 281140
746766 373383
688600 31300
746630 373315
682216 341108
446026 446026
851824 425912
485896 485896
888418 444209
65510 65510
465461 465461
659520 43968
973406 486703
197198 197198
433018 216509
726512 90814
25688 25688
250470 83490
990404 247601
393482 196741
221398 221398
629938 314969
792934 396467
755625 58125
419244 4278
827340 27578
366273 122091
894392 447196
894378 38886
430462 430462
769788 384894
804426 268142
651884 325942
497776 497776
336264 112088
706890 235630
353878 3611
403288 201644
762249 254083
232754 116377
298887 298887
453922 453922
259021 259021
469025 469025
425362 425362
922918 461459
987318 109702
643512 214504
374822 187411
831910 415955
241788 60447
882432 441216
330023 330023
533194 266597
953220 79435
744132 186033
858285 171657
745062 248354
487553 487553
156531 156531
198135 198135
85476 42738
369326 184663
907870 453935
749350 374675
127376 127376
570888 63432
877971 46209
889278 444639
622546 311273
925406 462703
650640 108440
153087 153087
480701 480701
790180 197545
295780 59156
738050 147610
740988 82332
985218 12631
759857 108551
496009 29177
387082 387082
326469 25113
879784 439892
576314 12262
297532 297532
417427 417427
687225 229075
415086 415086
589584 98264
335851 335851
335338 335338
737790 368895
788784 394392
310120 310120
617949 68661
599166 199722
698133 232711
753896 376948
853270 170654
465601 465601
117666 117666
982641 327547
453573 1413
822004 411002
995258 45239
251497 251497
455576 455576
673631 96233
879675 293225
693534 346767
866294 433147
92905 92905
520274 260137
465915 93183
972304 121538
689340 229780
236250 78750
502422 251211
496676 248338
106502 106502
965756 482878
929645 185929
549487 14851
189556 47389
872228 436114
367074 183537
207232 207232
252603 252603
436181 436181
607928 303964
378628 378628
357384 89346
784426 392213
482830 241415
182654 182654
890028 445014
456608 228304
493500 9870
825114 412557
388990 388990
411448 411448
783952 60304
909615 303205
279523 279523
674718 337359
842163 280721
370568 370568
383631 383631
607405 8555
486092 121523
356205 356205
487083 2127
146898 146898
474427 474427
774136 387068
358993 358993
564092 141023
396658 396658
405072 135024
880190 176038
376635 376635
469508 117377
399817 21043
985988 246497
359172 359172
326310 163155
368100 368100
454762 227381
363152 181576
283074 94358
352404 352404
687908 26458
875344 109418
245850 245850
195748 195748
182024 182024
814328 407164
808252 202063
270504 270504
354297 354297
455873 41443
202603 202603
990372 165062
815446 407723
732826 31862
679812 339906
475063 475063
860920 430460
553470 276735
887446 443723
294154 147077
965069 137867
451572 10263
900162 450081
127211 127211
207546 103773
789146 394573
711678 355839
809328 404664
763756 381878
339040 339040
744678 248226
118379 118379
501009 167003
604096 302048
730497 243499
685358 342679
905900 452950
415088 415088
360058 360058
569344 71168
992595 330865
404230 404230
951654 475827
809928 57852
396786 198393
778180 4745
294332 294332
543935 108787
306012 306012
389576 97394
400625 80125
396319 396319
681777 35883
847233 282411
802168 200542
876632 438316
475800 475800
388324 194162
674337 224779
476248 476248
564363 188121
681786 97398
426899 426899
765468 255156
278406 92802
332136 110712
902600 451300
596480 298240
379278 379278
781572 71052
895037 68849
945708 157618
873235 174647
500223 166741
908248 454124
528288 264144
474205 94841
751446 375723
942669 134667
271792 271792
188196 94098
813232 406616
231846 231846
858366 429183
220716 73572
510882 170294
584418 194806
889674 148279
493361 493361
657188 328594
496944 248472
443922 147974
342334 342334
318348 318348
972448 243112
843610 421805
322464 161232
599760 8820
657618 219206
744114 106302
950754 475377
982602 327534
485939 485939
924663 308221
914966 457483
248814 248814
682680 113780
688896 3328
254265 23115
737208 368604
970410 323470
449679 449679
272479 272479
877458 7697
210408 210408
173891 173891
304888 304888
903872 112984
333899 333899
521620 260810
207976 207976
957915 136845
493028 493028
444833 444833
966595 138085
370818 185409
935684 233921
621384 12184
717620 143524
904605 60307
499471 499471
76945 76945
762940 381470
882216 294072
780168 195042
921891 307297
861925 34477
551289 183763
327981 327981
237101 237101
428894 214447
478525 478525
289477 289477
306460 153230
380578 380578
475678 475678
298721 298721
365069 365069
740108 370054
838803 279601
929912 464956
590985 39399
937486 1982
441476 441476
896930 448465
55977 55977
455742 50638
994154 497077
803820 80382
586792 293396
574330 287165
548650 274325
637826 318913
733902 244634
167912 83956
750992 375496
925875 61725
985894 75838
844476 422238
432611 432611
894940 89494
425040 70840
143302 143302
237592 118796
468272 468272
919260 459630
788844 197211
731450 365725
273267 273267
833776 208444
298510 298510
674307 224769
606290 303145
718688 89836
902562 451281
629354 314677
340988 170494
367190 73438
576654 192218
347240 347240
698298 116383
902115 300705
494493 494493
301940 150970
709617 236539
871342 435671
615252 153813
889216 444608
834640 41732
493269 493269
708180 64380
746044 373022
169679 169679
280608 280608
450798 450798
612225 204075
656670 328335
457296 457296
699048 174762
243376 243376
796276 199069
947440 14576
819648 68304
993490 496745
618648 77331
365686 182843
841824 26307
972610 486305
374987 374987
268928 134464
800525 72775
496634 496634
645704 322852
925595 185119
253830 126915
196035 196035
861259 123037
707476 353738
965764 241441
303999 303999
655024 327512
474568 237284
903186 451593
371716 371716
660280 132056
814600 407300
668091 222697
339698 169849
568708 284354
365395 365395
929037 309679
334892 167446
643964 160991
757659 252553
427260 85452
485639 485639
969080 193816
895206 447603
590152 147538
736210 368105
419704 419704
862800 287600
940293 313431
819094 409547
228545 45709
952266 317422
359920 359920
306670 306670
687758 343879
974562 487281
884844 442422
360676 2437
349303 349303
825690 412845
178019 178019
684945 15221
302754 151377
937764 156294
883982 40181
333226 166613
668564 334282
604524 302262
400234 400234
462095 462095
431353 431353
622158 311079
982190 17858
771063 257021
429924 107481
468916 468916
886720 177344
561636 187212
127407 42469
819096 409548
263529 263529
416155 416155
248251 248251
487142 8399
376290 376290
475405 27965
841899 280633
469582 469582
165013 165013
273252 136626
784780 196195
939888 117486
319500 319500
782818 391409
350778 350778
86245 86245
291348 32372
386593 386593
279877 279877
358902 179451
756834 126139
376155 376155
722584 361292
293994 293994
578298 147
698660 174665
583941 194647
962013 320671
336536 168268
504404 252202
267558 133779
345782 345782
617464 308732
441995 441995
326997 36333
289280 289280
729652 364826
738630 147726
479080 239540
894560 178912
410046 205023
425766 425766
685364 342682
936411 312137
267334 133667
320370 160185
790758 395379
348674 348674
703023 234341
634348 48796
121941 121941
651652 162913
385048 48131
455668 227834
547692 273846
412953 137651
549626 274813
976443 25037
960994 480497
613412 306706
178454 178454
918470 459235
998016 249504
292200 36525
295315 295315
758836 379418
348680 87170
341091 341091
471737 471737
324358 162179
527404 263702
615438 307719
677540 338770
703370 140674
376958 376958
641265 128253
883416 294472
811885 11435
489501 489501
605164 151291
348744 348744
804302 402151
117099 39033
683154 341577
445761 445761
224108 224108
846436 211609
451296 50144
293896 73474
998424 332808
204711 204711
301518 301518
981624 245406
682035 136407
877282 125326
831072 415536
890935 178187
372885 124295
432700 432700
575155 115031
920544 57534
486774 243387
703299 234433
335427 335427
279584 139792
255864 18276
436590 436590
458660 45866
733624 366812
645687 10249
620398 310199
522003 174001
362014 362014
547200 1440
253487 8177
463057 463057
601248 75156
347250 347250
914342 457171
435923 435923
571200 81600
974056 243514
614130 307065
531304 265652
788360 394180
812364 406182
398556 398556
326977 326977
210506 105253
238356 238356
635886 211962
974584 487292
422953 422953
381366 381366
210840 7028
274036 274036
790768 395384
243406 14318
584958 194986
377136 377136
804468 201117
691492 345746
723584 180896
920271 306757
196417 15109
452264 452264
101620 25405
295002 295002
844026 281342
93718 46859
603550 120710
328641 109547
180964 45241
340812 113604
655605 218535
460230 230115
773365 137
765648 255216
380745 380745
748320 149664
823683 274561
388800 129600
736140 147228
55858 55858
648050 324025
841244 44276
540574 270287
382747 382747
132426 132426
625022 312511
466776 38898
235280 235280
332312 166156
352710 352710
591604 295802
323734 323734
973176 243294
923008 461504
842325 33693
336074 168037
930236 465118
663138 221046
804514 402257
760720 380360
444876 444876
711384 118564
887210 88721
368822 184411
359083 359083
244524 122262
950593 135799
911510 455755
749888 374944
174936 21867
945606 472803
344804 86201
781538 390769
903508 225877
830838 276946
155382 155382
453388 226694
801646 400823
593420 296710
779832 259944
954462 318154
297552 18597
910296 151716
856838 428419
339658 339658
275047 275047
639842 319921
381124 95281
453556 453556
232053 232053
711400 355700
881784 73482
376666 376666
939992 117499
400535 400535
712116 237372
845336 422668
242519 242519
992658 330886
393187 393187
674564 168641
852268 426134
632986 316493
542163 180721
433134 433134
866920 216730
157597 157597
977685 325895
268620 268620
743020 371510
446350 223175
688626 344313
457174 457174
592094 296047
448863 448863
715020 71502
371536 185768
518360 51836
869352 217338
475358 475358
626115 208705
323918 161959
458287 458287
810722 405361
714714 833
622564 3082
406746 406746
279718 279718
797015 159403
543564 10066
926904 154484
965354 37129
368012 92003
286495 286495
914481 304827
540084 270042
134225 134225
409825 409825
556960 278480
912219 130317
365372 365372
869100 173820
387763 387763
601692 85956
439952 439952
384420 384420
823378 411689
540972 270486
157016 157016
988738 494369
880194 293398
204612 68204
945222 472611
886608 4716
496521 165507
164830 164830
543270 181090
324304 324304
940272 470136
419417 419417
769424 384712
438718 31337
981764 490882
484209 161403
388816 194408
419280 209640
614584 153646
693705 138741
16314 16314
921560 460780
329931 329931
472328 472328
627694 313847
942765 188553
466636 466636
865368 288456
956208 478104
940308 235077
951177 317059
567736 283868
831320 29690
929130 464565
833109 277703
683574 341787
435702 217851
736332 245444
471018 157006
726366 363183
547190 109438
625690 312845
774681 258227
575914 287957
350304 10947
426038 213019
833058 416529
434614 217307
830750 415375
418063 418063
644392 80549
622563 207521
980692 490346
687080 171770
458703 458703
476088 476088
46459 46459
575996 287998
811042 405521
681748 170437
581788 290894
168128 42032
423736 105934
459338 41758
776874 258958
842994 421497
885208 442604
961665 320555
913140 50730
588576 294288
799788 133298
510348 255174
252819 252819
724226 362113
341610 341610
762102 381051
753928 53852
932784 155464
839613 279871
363208 363208
347065 347065
943310 188662
732256 104608
186301 186301
807872 31072
917910 458955
196593 65531
885370 442685
883890 176778
869050 86905
841604 420802
599630 59963
577260 96210
959032 119879
920310 153385
443764 110941
920080 46004
230027 230027
742154 371077
624620 124924
403631 403631
242126 242126
401613 401613
582245 116449
236099 236099
837252 279084
979182 163197
149814 24969
346918 173459
433361 433361
748252 374126
566596 283298
236868 236868
402380 80476
499390 249695
458070 229035
805944 402972
779987 59999
913336 228334
224174 112087
852117 121731
423096 211548
387871 387871
459850 459850
758968 54212
959299 87209
969157 138451
465434 465434
813784 406892
405772 405772
274920 13746
496143 496143
442014 147338
268736 134368
698050 349025
430668 71778
893907 14189
879516 439758
378380 378380
820034 410017
844754 422377
991300 198260
242589 242589
721810 360905
426321 426321
133380 33345
344072 86018
887742 295914
208029 208029
726030 145206
192554 192554
377767 377767
421766 421766
456038 456038
532384 133096
369426 369426
869450 434725
841900 420950
975546 88686
625480 62548
930350 465175
746065 149213
890073 296691
175714 175714
445602 74267
403076 403076
572954 286477
326736 163368
567643 13201
397287 397287
238658 17047
478562 478562
991608 495804
897558 299186
765360 191340
913431 304477
354562 177281
484645 484645
855414 142569
484602 484602
641548 320774
729952 364976
667960 166990
822369 274123
484940 121235
893715 178743
447979 63997
422172 140724
351763 351763
992156 496078
918258 459129
906772 453386
623270 311635
283421 283421
322184 322184
409582 204791
318018 318018
895992 447996
982374 163729
580198 290099
710384 44399
905720 181144
147326 147326
797460 53164
287054 287054
123160 61580
509238 254619
474426 79071
336307 336307
721800 144360
479080 239540
265084 265084
290344 145172
153709 153709
817588 408794
465637 465637
745854 248618
466270 233135
756285 252095
700870 140174
887232 221808
763554 381777
935464 467732
117086 117086
946628 473314
894040 111755
851190 283730
992730 496365
993342 496671
343207 343207
882488 220622
197540 197540
610581 203527
980732 245183
789222 263074
665941 15487
363038 363038
