1
9
1
4
361
4
36
1
64
36
4
4
64
9
400
1
16
1
1
1
1
1
4
16
9
1
16
16
16
4
1
1
1
4
9
64
4
1
4
1
4
1
4
16
9
1
4
1
1
9
1
16
1
121
9
841
49
1
25
1
9
25
1
1
4
9
1
132496
1
9
4
25
1
36
4
49
36
9
9
1
1
1
81
4
4
64
4
1
1
1
36
81
4
4
81
4
4
16
16
4
4
4
100
4
1
4
1
1
36
1
9
64
25
25
1
9
225
25
1
1
16
9
4
4
4
4
9
4
1
4
4
4
1
4
9
4
1
16
9
16
81
1849
16
9
289
225
4
1
121
1
121
16
4
1
4
9
16
4
1
1
4
9
4
36
1
36
9
16
1
1521
1
225
1
1
1
100
36
16
4
4
4
25
4
1
1
1
36
1
49
1
4
1
4
16
4
4
9
4
4
1
1
1
16
4225
1
4
4
36
16
1
16
1
25
9
1
1
4
1
16
4
1
4
289
4
4
9
9
1
49
9
1
9
136161
4
1
1
4
1
4
25
100
100
4
1
400
9
4
100
4
16
2401
16
1
25
1
4
9
1
1
25
1
4
4
9
4
16
4
1
9
1
1
121
361
324
1
100
4
4
81
1
1
1
9
4624
16
1
4
1
1
9
9
441
16
1
1
1
1
4
100
1
1
4356
4
16
64
25
4
4
49
1
4
9
49
64
4
4
9
81
7744
4
9
4
1
1
529
4
4
49
1
4
169
9
16
1
16
4
9
1
1
1
4
4
16
4
4
9
16
4
1
9
784
1
49
49
1
9
441
1
4
4
4
121
4
9
9
9
1
4
4
1
25
1
3481
4
1156
225
49
36
9
169
4
4
4
4
4
1
1
4
1
256
1156
625
64
4
1
1
1
144
1
36
4
4
64
9
4
100
1
1
1
36
49
16
1
49
1
9
4
144
1
4
4
16
9
16
4
9
4
1
4
16
16
4
4
9
4
4
1
1
49
4
9
4
4
49
4
1
289
100
4
4
4
16
4
4
9
9
4
169
25
4
16
1
1
16
9
5776
4
100
1
4
4
1
1
169
16
196
4
4
4
36
9
49
4
4
4
4
4
1
1
4
1
4
4
9
1
1
4
4
1
9
9
1
100
100
4
1
25600
4
4
16
4
16
625
4
81
1
4
4
1
4
9
4
121
4
1
1
1
1
294849
9
1
1
4
9
9
9
1
1
9
961
3721
4
2401
49
4
9
1
16
1
4
16
9
9
1
1
4
4
16
16
49
225
81
4
1
16
4
1
1
1
4
1
9
4
25
32400
36
256
1
1
225
1
4
1
9
9
9
9
1
9
1
529
9
4
4
9
100
4
16
4
9
4
9
3364
100
49
1
4
9
25
9
9
4
4
1
4
9
1
4
49
9
1
4
3844
4
9
4
9
4
1
1
1
4
4
25
1
4
1
25
4
49
49
9
4
100
1
4
9
4
1
25
4
4
144
4
9
16
1
9
1
4
1
16
1
1
1
1
4
441
64
4
9
25
81
1
4
1
1
4
64
25
4
1369
9
4
4
4
4
4
25
1
1
9
900
4
1
9
4
4
1
225
49
1
9
9
4
25
9
1
9
16
4
289
9
4
49
1
1
4
1
9
1
1
25
9
4
4
9
1
9
1
1
9
4
36
49
4
9
4
36
1
25
121
1
1
1
4
4
4
4
9
25
1
529
1
4
4
36
9
1
1
169
4
4
4
4
100
1
121
9
1
1
1
1
9
1
4
784
400
256
4
1
4
1
36
49
1
25
4
1
4
25
1
1
361
9
1
49
4
1
9
529
9
4
9
169
4
900
9
1
4
9
4
4
64
16
1
16
4
16
49
36
1
4
25
9
1
1
9
1
4
4
121
25
4
1
169
1
25
9
1
9
9
1
9
144
4
1
1
1
4
1
1
4
16
1
1
4
4
1
4
49
1
9
1
1
4
4
4
36
1
49
4
4
9
225
4
121
1
3969
1
4
100
1
196
25
1
9
4
4
9
1
1
25
4
4
1
1
4
4
4
4
4
9
4
4
1
4
49
4
9
36481
1
4
841
9
64
100
225
1
16
1
1
81
9
1
1
1
4
16
4
9
64
4
1
4
1
4
1
9
4
4
4
25
49
4
25
4
1
1
9
1
81
196
64
9
9
4
1
1
4
1
1
361
841
9
81
1
36
1
4
1
25
4
9
4
16
100
4
1
1
4
4
1
36
1
4
36
1
4
1
64
9
25
9
4
1
1
4
9
4
