1000
345834 57639
223896 223896
635000 127000
626784 156696
671454 335727
354824 177412
577910 288955
562380 281190
951412 135916
812250 162450
816090 408045
512508 42709
995924 497962
202058 202058
679078 339539
757270 378635
344761 344761
602334 100389
349654 349654
370660 370660
858075 286025
275866 137933
364190 364190
738312 30763
622728 103788
286848 47808
466288 233144
404765 404765
982632 327544
404590 404590
408339 136113
687108 229036
320097 320097
738312 61526
669490 334745
761934 253978
116868 58434
540768 67596
471713 471713
357177 357177
383722 191861
302230 302230
883128 441564
386897 386897
273653 273653
208251 69417
849201 49953
624692 312346
197955 197955
466096 466096
806168 201542
464919 154973
915698 130814
926410 463205
908312 227078
757676 378838
500020 25001
134358 134358
120888 60444
824488 412244
389880 129960
695874 347937
888010 444005
625198 312599
996228 498114
316718 158359
735428 367714
499548 17841
946304 473152
167352 83676
400275 400275
685806 31173
426796 426796
810056 405028
390264 195132
616774 2251
302309 43187
421744 210872
724295 55715
937083 312361
353955 353955
346031 346031
795166 397583
719990 359995
737882 368941
746280 41460
810280 202570
422792 211396
295823 26893
187851 187851
160422 53474
365296 45662
309680 6320
221822 221822
473916 473916
333858 333858
364572 364572
469783 469783
333874 333874
542916 135729
883092 220773
555430 277715
305885 305885
319475 63895
892908 223227
311066 311066
804966 402483
809781 269927
353969 50567
827316 137886
230465 230465
450369 450369
574940 114988
758710 379355
332464 332464
213326 213326
705240 360
436087 436087
705798 117633
635902 317951
402404 201202
644930 322465
718041 239347
456268 114067
350097 116699
936870 468435
405498 405498
427966 4367
415375 415375
38993 38993
593998 296999
255705 51141
810022 405011
841490 420745
743880 371940
499936 249968
924670 184934
784228 392114
707672 176918
410196 410196
691845 138369
428589 142863
166875 166875
571360 114272
336370 168185
453229 64747
511809 170603
774234 387117
518514 259257
462074 231037
486169 486169
877306 438653
658006 329003
433712 27107
895827 298609
936688 117086
304220 152110
993040 99304
683325 136665
714382 357191
510034 72862
89375 89375
717602 358801
235696 117848
562608 187536
379854 189927
418965 418965
822006 411003
351956 351956
655278 7046
900710 90071
377895 377895
427028 427028
197024 98512
516213 172071
428153 428153
263345 263345
805952 115136
113133 113133
130254 43418
713886 43
718693 5659
988537 89867
237342 237342
350181 116727
594325 118865
270312 33789
400449 400449
829840 414920
877503 79773
925860 35610
925394 462697
425544 25032
275202 275202
724090 144818
661080 44072
139101 139101
969434 484717
206255 206255
923380 46169
448839 448839
636656 318328
772780 386390
542208 271104
321118 321118
724620 120770
850570 425285
453964 453964
815722 407861
358497 39833
710352 177588
388406 388406
891153 297051
383186 383186
988332 494166
540932 135233
385175 385175
494637 494637
167927 167927
813102 271034
268854 44809
484473 161491
426716 426716
557922 185974
510684 255342
396569 396569
997520 99752
848688 424344
274522 274522
393053 393053
882603 98067
387946 387946
668904 111484
715914 357957
658230 219410
859712 429856
872638 436319
580801 44677
210804 210804
817142 408571
651850 325925
344375 344375
845831 120833
499745 499745
595288 297644
702630 234210
957297 319099
768270 384135
412203 412203
663850 331925
608760 152190
196169 196169
437625 145875
320298 320298
558147 186049
397742 397742
863420 215855
642462 107077
627775 125555
629708 314854
472242 157414
795498 397749
782914 391457
403354 201677
309014 309014
487311 487311
202060 202060
987189 329063
553856 34616
340720 170360
179775 59925
842248 421124
716034 358017
448185 448185
705062 352531
583606 291803
910328 455164
957204 478602
619634 309817
592256 10576
908944 113618
530715 176905
673370 7922
616862 308431
542880 13572
489794 244897
767466 109638
458064 458064
404013 404013
861470 172294
859935 286645
277611 6771
392194 392194
224885 224885
753216 31384
406979 406979
567398 283699
579366 64374
344228 344228
195189 195189
857042 428521
367414 183707
460040 460040
341223 341223
663580 165895
979008 489504
607095 121419
220963 220963
658072 329036
892717 127531
294385 294385
261659 261659
383079 127693
708692 354346
932031 310677
994608 248652
138104 69052
418457 418457
507114 169038
703479 234493
326661 326661
675000 337500
985229 140747
686846 343423
843162 421581
210270 210270
294840 294840
759100 151820
987324 329108
773450 30938
689778 344889
173705 173705
545620 27281
963168 160528
411416 205708
401637 401637
373914 373914
198680 99340
757083 252361
500664 41722
477787 477787
687112 343556
496130 496130
480603 160201
671990 335995
232088 232088
274085 274085
479520 10656
525048 262524
283698 283698
504494 252247
786024 393012
947560 236890
360677 360677
120536 120536
235433 235433
977496 325832
422352 422352
264131 264131
175751 175751
471864 471864
783360 1530
238796 238796
881168 220292
575730 31985
932415 310805
731844 365922
432372 72062
519104 64888
480924 480924
699260 139852
957693 319231
969236 484618
677868 338934
601674 200558
900452 225113
107965 107965
438195 438195
493476 41123
921364 460682
825864 412932
919340 229835
560165 112033
516629 27191
712468 356234
880784 220196
809454 269818
806355 268785
756838 378419
704534 352267
815068 203767
377439 125813
409856 409856
351403 27031
958970 479485
444709 444709
708818 354409
759420 126570
409705 409705
381558 127186
652650 130530
884019 294673
96085 96085
329107 329107
413424 206712
668118 30369
977625 325875
382828 382828
563135 112627
416314 416314
493454 493454
479304 5706
222324 222324
401381 401381
332334 332334
289059 289059
451445 451445
517614 258807
268882 268882
694642 347321
953832 21678
491740 245870
973887 324629
582879 194293
969750 484875
818144 409072
753686 376843
309229 309229
780848 390424
899490 449745
601476 300738
677760 225920
209240 41848
942375 44875
151684 151684
819820 409910
823630 411815
326308 326308
397137 397137
315042 315042
321341 321341
703900 351950
284519 284519
611268 305634
714710 357355
426912 426912
809412 67451
927441 309147
801652 200413
462526 231263
396159 396159
255199 255199
278776 278776
453849 453849
369980 369980
757568 94696
921526 460763
270886 270886
614956 307478
989900 197980
557566 278783
378183 378183
183015 61005
739056 123176
408697 408697
641874 320937
583944 194648
724347 55719
767656 383828
981632 490816
928635 309545
581169 193723
572680 28634
808476 404238
748698 374349
864572 216143
287242 287242
474621 67803
652737 217579
942138 471069
152320 76160
423252 141084
409858 409858
722694 361347
405777 405777
152750 152750
934305 186861
144284 72142
535265 107053
433089 48121
743040 41280
406257 406257
898108 449054
170556 42639
830739 9129
552368 138092
590120 73765
622872 311436
993124 496562
988174 494087
284866 284866
321855 107285
44411 44411
475948 237974
729170 145834
788823 37563
369890 369890
518120 259060
123440 123440
321189 107063
491580 491580
212178 106089
470942 470942
381620 95405
404788 202394
843030 5510
408906 45434
775702 387851
107854 53927
104806 104806
300708 300708
733840 366920
782929 111847
369933 369933
890296 40468
574670 287335
593940 49495
206928 25866
762492 381246
607078 303539
560166 93361
907524 151254
453615 453615
282242 282242
413964 206982
894284 223571
480079 480079
364340 364340
285283 285283
548638 274319
451098 150366
305299 305299
517854 258927
107649 107649
480624 240312
832550 416275
358441 358441
987152 493576
922674 153779
205344 3312
412907 412907
967005 74385
768572 384286
325620 325620
704342 352171
989406 494703
273442 273442
862000 172400
501038 250519
269570 269570
992580 496290
487935 487935
20662 20662
373811 373811
965916 107324
318184 318184
233037 33291
530598 265299
408716 204358
600438 300219
744114 124019
213921 213921
423251 423251
941280 31376
708614 354307
604678 302339
465116 232558
245722 122861
198349 198349
443940 110985
889592 444796
492286 492286
896393 52729
291118 291118
411388 411388
289144 188
658410 219470
254640 127320
110247 110247
792530 396265
832440 277480
289514 144757
896418 448209
649296 216432
760746 18113
596950 119390
949752 316584
208263 208263
120746 120746
707098 101014
952932 476466
495111 165037
762080 381040
453961 453961
636582 106097
411150 411150
906603 302201
514398 257199
476480 476480
765368 382684
542402 12614
617144 56104
679432 26132
740948 185237
662408 82801
406079 406079
393821 393821
198024 49506
982215 327405
306280 61256
335652 335652
737317 105331
588758 294379
612105 204035
383514 191757
389672 48709
114485 22897
815504 50969
957900 30900
971068 485534
576392 144098
742540 148508
118161 118161
481741 481741
399419 399419
791632 395816
213238 213238
265356 265356
799172 199793
952464 39686
839898 419949
251999 251999
992319 330773
62360 15590
787332 20188
878463 292821
619812 309906
632163 210721
670374 223458
495331 495331
352534 176267
364223 364223
744750 24825
836760 41838
929658 154943
230668 230668
947816 473908
745340 186335
858551 50503
371266 371266
788732 197183
571242 8526
950056 475028
866568 433284
919176 459588
246160 15385
897457 81587
790530 52702
303586 303586
967638 483819
562964 281482
604152 201384
220341 6677
639600 319800
893492 446746
842692 421346
736197 105171
704762 352381
939320 469660
725829 241943
448684 112171
742812 53058
788620 394310
771316 27547
316741 316741
953530 95353
497253 497253
831838 415919
12300 6150
751612 375806
892804 446402
574734 191578
375777 125259
101366 101366
418230 41823
860350 34414
309322 309322
670010 134002
765523 69593
654548 327274
895340 447670
303275 303275
92677 92677
692220 230740
210690 42138
815343 271781
445908 445908
382173 382173
263546 263546
468366 78061
788578 394289
356159 356159
838062 419031
940005 104445
193407 193407
706489 100927
189321 189321
958590 159765
902516 225629
343116 38124
464556 154852
258405 51681
173097 57699
948800 189760
761770 380885
872478 48471
523308 174436
566196 188732
893464 40612
937715 187543
496356 165452
389069 389069
917136 114642
828705 276235
857476 214369
786134 393067
448580 44858
421516 210758
455908 455908
939948 469974
733365 146673
98538 16423
971806 485903
462685 92537
739612 184903
736616 368308
450325 450325
199954 99977
425605 425605
984002 492001
992178 330726
381861 381861
404430 404430
930194 465097
518676 259338
294868 73717
737760 245920
427441 427441
961353 320451
891608 445804
639204 319602
573092 143273
939105 187821
193927 193927
860394 430197
356044 356044
781536 260512
752090 376045
468629 468629
990328 495164
863828 431914
113502 56751
226625 32375
553508 138377
770460 77046
415145 5255
800622 266874
247131 82377
771099 257033
382810 382810
294128 147064
310846 310846
973830 162305
525576 175192
770505 256835
117781 117781
302167 302167
868368 144728
66728 16682
887366 443683
853451 50203
112062 112062
768678 384339
314960 157480
529976 264988
951713 135959
354464 354464
205677 205677
295359 295359
387897 387897
132108 132108
733390 366695
797406 132901
391685 391685
382349 382349
807993 269331
260263 260263
252199 252199
818645 163729
399450 399450
847350 423675
533412 266706
598570 119714
413836 413836
425742 425742
316069 316069
840392 420196
299058 99686
520100 130025
842004 421002
947940 189588
816306 5134
520047 47277
114900 114900
676088 96584
938086 469043
400665 400665
292446 292446
499935 99987
820318 410159
243458 121729
366432 61072
891933 297311
448870 448870
181430 181430
852670 32795
615222 205074
845900 422950
392354 392354
370802 185401
719000 359500
818382 409191
979174 139882
847680 211920
431141 431141
937684 468842
589464 294732
280530 18702
466481 466481
595064 297532
485984 485984
983766 491883
452285 452285
798003 266001
420857 420857
188619 188619
859872 429936
524054 262027
952198 476099
602550 301275
502465 100493
125298 125298
814920 407460
259538 259538
373741 373741
165562 165562
661624 330812
791853 263951
770805 256935
913540 456770
429644 214822
989590 197918
390762 390762
128945 128945
904005 301335
393066 196533
905239 22079
421849 421849
799656 133276
249072 249072
933051 311017
490614 490614
422205 422205
766454 383227
764772 127462
919322 459661
339934 339934
960716 480358
559642 279821
284719 284719
533730 106746
891550 445775
806445 268815
965738 482869
842712 280904
322398 322398
496988 124247
497731 497731
402608 201304
284706 284706
914228 130604
787356 196839
149012 149012
560860 56086
929432 464716
414520 414520
923906 461953
773248 27616
504866 252433
560605 112121
268445 268445
648760 162190
895848 111981
569642 284821
246112 246112
241458 120729
975132 487566
401156 200578
185597 185597
242235 26915
209788 209788
842688 421344
739712 369856
429486 143162
120624 60312
929650 464825
499533 166511
656292 31252
241789 241789
764544 127424
965406 321802
672870 336435
263393 263393
335156 335156
836748 92972
690657 20929
503908 251954
627537 209179
955044 238761
364278 121426
464610 92922
483858 241929
889168 52304
985458 328486
918072 459036
933232 466616
478738 239369
903178 451589
684654 342327
864632 108079
821420 410710
907335 69795
83200 3328
755190 151038
435667 435667
869430 434715
303422 21673
394938 197469
464514 154838
770052 128342
561532 280766
488646 18098
647142 107857
398790 199395
600328 300164
247081 247081
963501 7469
779068 389534
279067 279067
588915 65435
404254 202127
117424 7339
865846 432923
413418 413418
851114 425557
347481 347481
662914 47351
846340 211585
593646 296823
551616 2496
967030 193406
251989 251989
737232 368616
580426 290213
151991 151991
559248 279624
184095 36819
767115 85235
226978 226978
840644 420322
587328 30912
116868 58434
885814 442907
202328 202328
680874 226958
975436 44338
278104 278104
637080 212360
454680 454680
749274 374637
