1000
463240 463240
652872 217624
473395 473395
634324 317162
575529 30291
680310 340155
640962 106827
348710 348710
995312 124414
983310 163885
970838 485419
747860 373930
379184 47398
398076 132692
909180 45459
398666 398666
857732 214433
173119 173119
341377 341377
413154 413154
453858 453858
71176 71176
902934 451467
915172 228793
702204 234068
153012 153012
881028 220257
423932 105983
991212 247803
948702 474351
491437 491437
436880 436880
246680 246680
919970 459985
923676 307892
770432 96304
154758 77379
495005 495005
959782 479891
347214 347214
779042 389521
353919 353919
751816 375908
94476 23619
740679 246893
335883 335883
196018 98009
128114 128114
415552 415552
988329 329443
147709 147709
527260 131815
345034 345034
863973 78543
743496 247832
268018 9242
744856 106408
345603 345603
793645 158729
374571 374571
795786 265262
932630 186526
335275 335275
373508 373508
778776 389388
941685 313895
499794 499794
802256 2204
474443 474443
533904 177968
147674 73837
340240 68048
231470 231470
804414 134069
785286 392643
604198 86314
740472 123412
812433 270811
787176 262392
483612 483612
427218 427218
222931 222931
582687 64743
679302 339651
914228 457114
854192 106774
526476 263238
184902 184902
291608 291608
371144 371144
432810 72135
394749 43861
509602 254801
427052 213526
878571 97619
752216 376108
723528 361764
721896 180474
827832 206958
780062 390031
980630 490315
877158 438579
449520 44952
858268 429134
337176 337176
578272 289136
354408 354408
499072 499072
618012 103002
66852 66852
646512 215504
734280 91785
637395 127479
916400 183280
481374 481374
800415 266805
987615 65841
696945 139389
479286 479286
247132 247132
739468 184867
720963 240321
465076 232538
692796 346398
322246 161123
606254 303127
574956 191652
918476 459238
362847 362847
662802 331401
195216 97608
505874 252937
392098 392098
673038 336519
333855 111285
378698 189349
203885 203885
528572 132143
296214 98738
447632 111908
173088 19232
897367 20869
967692 241923
527784 175928
981104 57712
709335 47289
682756 341378
376318 376318
243408 22128
482374 482374
866008 78728
548596 137149
938004 469002
221966 221966
911814 455907
975282 325094
739476 184869
421762 210881
274623 274623
227283 227283
876796 438398
910047 303349
735872 367936
297462 49577
364016 364016
733128 122188
387561 129187
889056 222264
456910 456910
784485 20115
264578 264578
578265 38551
476965 476965
317375 317375
304430 304430
655460 65546
915438 152573
726076 181519
970922 485461
868668 434334
630956 315478
364875 72975
660214 330107
246089 246089
174861 174861
454352 454352
666636 111106
377612 377612
777658 111094
130259 130259
958600 479300
463154 463154
776258 388129
326260 81565
555562 277781
837792 418896
940578 313526
478274 239137
637510 318755
307941 307941
201787 201787
142651 142651
633696 158424
579865 8921
456235 456235
402722 201361
938216 469108
460794 76799
970996 242749
457618 457618
933588 233397
336756 336756
368660 73732
723528 241176
376016 376016
384095 384095
388822 194411
476455 476455
195416 48854
637666 318833
302999 302999
954714 477357
277746 16338
535560 267780
891470 445735
708390 236130
935832 311944
233118 233118
910700 130100
837525 279175
196661 196661
690759 230253
762723 2067
460944 230472
327859 327859
494409 494409
901086 450543
456636 456636
468070 234035
828750 165750
267370 26737
495050 49505
674180 337090
421281 421281
963720 48186
830022 276674
751820 375910
712640 71264
969738 484869
455116 113779
787136 16064
799060 199765
321288 321288
559605 111921
212970 212970
781266 390633
176307 58769
412772 412772
457688 457688
353530 70706
167754 167754
485948 242974
694384 347192
784365 261455
979308 489654
670312 167578
240934 120467
285832 285832
839580 279860
271424 271424
228908 228908
557040 50640
221179 11641
943434 52413
386301 386301
849330 84933
481392 240696
864346 432173
767223 85247
215852 215852
258203 258203
267795 267795
930816 310272
932892 13719
246432 61608
347517 347517
747096 373548
496576 496576
277790 277790
632838 210946
568914 189638
578193 27533
982620 245655
220645 220645
260429 260429
132140 132140
182534 182534
817826 408913
482500 48250
376886 376886
421688 421688
500280 7580
473020 236510
689460 172365
898464 112308
600030 120006
941644 470822
577726 288863
914347 130621
264888 264888
414832 207416
637350 212450
863156 123308
479552 59944
708074 354037
710320 355160
788712 262904
259641 28849
967912 10999
770772 385386
834189 278063
865658 432829
440050 440050
398959 398959
451812 19644
788344 394172
657512 328756
773269 110467
206113 206113
701400 350700
936078 72006
900822 300274
786796 196699
357073 357073
732840 183210
117144 58572
805641 268547
325243 325243
409788 409788
483120 483120
251026 125513
665224 332612
924240 231060
658630 329315
871154 435577
990579 330193
691840 172960
702702 351351
353975 353975
605994 201998
866768 30956
467719 467719
391580 55940
850220 121460
341883 341883
992805 330935
597240 28440
492517 492517
788312 394156
624108 312054
934478 467239
248985 22635
415150 207575
857076 285692
877725 292575
911898 303966
385904 385904
986524 493262
899212 449606
490269 490269
614885 122977
304215 304215
798447 13533
652194 326097
810050 23825
970785 64719
922887 131841
431514 71919
635712 211904
606801 46677
243788 121894
769000 384500
279252 139626
387500 193750
188536 94268
166024 166024
457250 457250
324298 162149
437804 437804
835552 52222
654636 19254
525650 21026
808144 101018
334688 167344
133807 133807
239670 239670
158754 158754
468912 39076
349743 349743
736242 122707
895608 447804
709014 354507
423056 52882
823263 274421
311922 155961
396460 39646
427855 427855
308805 308805
403525 403525
837516 139586
154945 22135
566088 141522
382149 382149
643125 91875
335154 335154
960072 320024
830128 415064
981804 81817
311366 311366
666614 333307
755248 377624
261148 65287
780243 260081
901544 225386
773296 386648
621291 207097
950424 475212
292542 292542
675016 337508
785932 196483
896800 224200
962676 481338
151564 75782
488178 162726
751908 375954
613140 306570
148733 148733
196268 196268
896560 128080
720012 360006
771183 257061
916306 458153
802244 401122
599963 85709
843174 421587
365882 365882
696388 40964
472120 47212
908080 454040
518478 259239
529424 264712
211420 52855
561462 280731
159426 79713
831162 277054
686820 228940
904834 452417
846222 65094
595270 119054
942122 471061
336664 84166
477306 477306
277210 277210
965516 241379
998313 332771
725800 9550
300284 150142
634130 63413
338536 338536
450998 225499
913634 456817
475889 475889
477920 477920
493857 37989
958992 239748
828898 59207
788066 394033
987634 493817
677886 338943
663282 110547
967185 322395
929271 132753
773840 386920
765362 382681
217964 108982
982168 491084
437498 218749
346729 346729
367958 367958
780720 390360
370646 370646
843572 421786
945424 472712
531294 177098
223878 223878
496912 496912
589224 294612
502212 251106
235257 235257
710853 236951
580398 193466
281322 281322
38930 3893
496390 49639
734894 367447
311637 311637
326720 2042
647488 323744
911998 455999
852744 213186
820040 410020
375988 93997
532050 21282
212590 106295
931149 103461
194723 194723
867794 433897
966096 483048
156461 156461
220962 110481
983523 327841
337420 168710
808390 73490
782420 391210
483328 483328
394552 394552
69396 69396
432691 432691
878031 1617
763437 254479
493123 493123
393967 393967
840230 420115
635064 211688
379668 126556
949935 316645
363256 363256
348548 348548
902940 300980
874851 28221
726327 11907
890950 445475
615293 12557
400981 57283
834256 417128
801822 267274
375423 375423
701324 175331
133998 133998
772154 386077
953152 238288
437598 145866
843408 281136
441156 441156
399131 399131
729174 364587
814830 407415
520488 130122
882612 220653
915425 130775
878415 58561
606456 67384
990084 495042
205571 205571
215156 53789
901052 450526
312588 312588
426726 426726
349292 349292
781142 390571
428972 428972
886917 295639
406274 203137
670155 134031
361260 2007
491628 81938
838672 52417
368191 368191
150513 150513
854700 56980
382212 382212
381986 190993
299924 299924
120942 40314
790707 263569
946353 315451
972414 324138
270086 270086
993231 331077
336792 336792
234370 10190
429195 143065
961880 480940
532548 266274
748365 249455
653050 65305
809676 404838
452960 113240
416602 208301
319620 106540
788230 394115
445803 148601
888618 15321
541070 54107
794577 113511
389287 389287
465458 232729
896976 298992
648510 129702
610383 203461
527235 175745
926574 463287
597584 298792
400281 400281
843188 421594
443040 147680
486086 486086
746708 373354
696626 99518
733905 244635
209834 209834
646532 323266
565006 9113
168564 84282
770265 256755
989528 494764
981342 327114
908836 454418
251310 251310
223990 223990
336351 336351
843890 421945
799994 399997
983760 196752
459420 459420
430290 215145
407700 407700
656375 131275
639912 319956
594013 84859
532826 76118
443025 147675
241948 120974
901250 90125
342556 342556
828714 414357
765315 255105
762936 381468
371917 371917
324405 64881
789806 394903
294228 147114
199380 16615
823248 411624
463527 154509
431712 107928
426356 426356
987330 329110
350545 350545
566808 283404
401813 401813
520292 130073
245314 245314
283948 283948
362363 362363
467823 467823
638246 319123
903861 43041
977464 122183
902008 451004
840408 280136
526985 105397
645561 71729
140065 140065
854894 427447
495060 495060
127934 127934
446474 223237
468800 58600
835430 167086
686544 343272
185296 5008
909567 303189
944614 472307
983732 491866
907796 453898
787860 393930
858218 429109
206325 41265
374400 374400
458245 458245
316347 105449
589290 19643
570558 285279
179126 179126
960210 320070
478198 239099
938220 469110
267200 267200
554445 36963
672693 96099
127896 127896
774114 258038
479127 159709
789486 394743
917235 183447
720474 240158
360718 360718
848016 282672
697640 174410
668322 334161
57494 3382
770754 256918
988238 494119
940296 134328
282934 282934
58917 58917
831570 415785
298896 298896
998160 332720
346729 346729
371914 371914
535395 107079
504216 168072
799170 399585
841042 420521
450420 150140
18501 18501
866682 288894
271014 271014
369634 369634
748176 249392
251658 125829
501318 83553
186571 26653
411108 205554
658203 219401
839484 419742
776076 129346
351066 351066
963925 192785
688182 62562
336315 336315
222133 222133
465399 465399
982252 491126
454402 227201
796264 398132
926156 463078
159849 53283
410075 82015
487145 487145
346541 15067
102549 102549
523882 261941
573266 286633
693726 115621
501384 167128
399442 399442
292234 292234
882817 67909
994746 497373
535090 267545
721996 360998
275356 137678
429010 42901
456124 456124
833778 75798
314703 104901
452500 452500
264676 264676
51192 51192
487617 487617
368781 122927
467814 467814
844434 422217
302288 10796
458200 22910
548576 34286
872982 436491
265311 265311
541876 270938
419608 419608
969408 161568
948255 135465
301407 301407
354005 70801
602648 301324
490505 490505
742358 371179
895170 179034
365046 365046
493583 493583
440743 23197
493839 164613
322663 322663
475538 67934
557676 278838
190069 190069
197307 65769
807691 35117
541806 180602
887940 443970
833976 277992
771264 59328
823776 411888
899100 29970
922236 307412
444115 444115
831226 415613
182691 60897
688954 344477
675230 337615
976488 122061
580964 145241
265141 265141
625736 156434
409876 204938
726888 181722
660695 94385
304200 50700
458626 458626
907942 453971
550760 110152
641844 213948
206820 206820
397990 397990
516531 172177
375478 375478
259334 129667
778062 389031
785411 71401
910235 182047
692514 346257
460157 460157
639522 49194
355183 355183
374265 74853
933600 311200
427797 427797
537351 179117
945279 315093
338840 338840
641976 213992
789768 65814
523256 261628
379588 379588
289768 289768
68375 68375
610922 305461
225136 225136
272568 272568
508252 254126
554484 138621
491773 491773
178015 178015
695704 347852
757032 378516
85788 85788
738060 369030
802291 114613
322044 322044
838329 279443
336663 336663
203709 203709
286448 143224
743660 371830
533374 266687
636936 106156
370574 370574
897666 128238
649560 324780
335990 167995
676335 225445
876315 58421
974428 487214
954503 86773
351847 351847
934920 14840
254618 254618
371948 185974
583670 58367
372691 372691
568988 40642
362315 72463
412348 412348
772008 257336
153658 76829
192190 96095
894372 298124
407112 407112
369285 369285
538690 107738
689410 344705
983470 491735
333524 333524
282118 282118
882462 441231
354840 177420
887434 443717
689394 344697
525206 262603
616698 205566
930546 465273
994040 497020
336685 336685
437038 218519
798658 114094
629524 314762
574410 191470
883948 4628
210857 210857
112482 56241
269410 9290
184041 61347
612968 76621
915350 91535
763185 50879
293220 293220
430212 107553
256181 256181
434540 434540
510984 56776
900906 300302
472583 472583
496882 496882
367476 367476
698620 349310
390376 97594
533676 266838
933690 311230
255472 31934
815720 407860
250844 250844
818780 409390
128540 128540
477280 238640
305101 305101
393690 131230
867218 433609
710188 355094
791778 395889
696610 139322
297185 42455
900044 450022
725065 145013
653506 326753
130747 130747
368142 368142
988434 329478
340033 340033
940140 104460
596050 42575
667296 83412
899610 299870
636099 212033
713654 356827
487504 487504
170123 170123
955374 477687
173977 173977
204269 204269
507946 26734
615525 21225
688797 229599
960498 106722
401600 401600
885630 147605
370710 370710
481994 240997
264715 264715
283665 56733
544628 272314
706707 235569
286356 143178
850956 212739
609190 60919
557634 278817
203755 203755
175243 175243
282904 141452
527268 263634
442192 442192
770088 128348
408683 408683
973128 486564
813558 135593
460863 460863
610542 305271
307193 307193
417752 52219
285018 95006
310260 62052
305244 101748
366966 183483
426821 426821
53017 53017
925814 462907
297657 99219
945032 472516
