1
4
9801
49
9
9
16
9
4
16
1
4
289
4
1
4
4
4
121
9
4
1
441
7056
5041
9
4
4
1
4
16
1
9
9216
9
1
4
484
4
4
1
4
1
4
1
1
225
4
1
4
64
1
9
16
4
1
4
4
169
9604
900
9
4
529
1
4
9
4
1
9
9
9604
4
9
4
1
1
1
1
1
4
81
9
4
4
16
4
1
4
144
16
25
9
1
1
1
4
4
4
4
1
81
361
4
4
4
36
1
1
16
25
25
81
6084
49
289
1
169
4
2209
1
1
9
1
36
1
1
4
4
1
81
9
9
4
25
1
1
9
103041
4
484
1
1
49
9
4
4
1
4
25
64
9
9
4
4
1
4
25
1369
16
4
4
1
1
1
4
1
16
4
4
1
4
4
2500
4
1
1
169
9
1
4
9
1
1
5041
16
1
52441
1
1
4
1
16
1
9
25
1
16
361
16
1
4
1
4
4
9
1
676
64
1
1
1
4
16
1
1
121
1
36
4
529
4
1
4
4
4
4
49
1936
4
1
4
4
4
4
4
1
9
1
9
4
9
4
4
1
1
64
9
1
4
196
4
26896
1
25
1
16
25
1
361
9
16
4
1
4
9
1
9
49
1
9
9
9
4
4
1
121
169
36
25
9
4
4
25
4
49
1
4
4
1
4
9
9
9
36
1
4
4
9
1
1
16
4
4
4624
9
49
4
9
1
9
4
1
36
42849
121
4
9
1
1
12996
1
1
1
64
1
4
1
49
1
1
49
4
16
2601
25
225
1
1
4
9
16
9
625
9
1
1
4
1
1
4
1
1
1
1
4
9
4
225
223729
1
4
1
81
4
100
4
4
4
4
9
4
4
225
169
4
1
100
36
1
4
1
4
16
4
1
16
1
9
4
64
4
4
4
25
9
1
36
9
1
4
9
4
16
4
400
1
121
4
1
1
1
9
4
1
16
1
16
4225
144
4
64
4
1024
4
1
4
121
1
4
25
4
1
49
4
16
1
4
4
4
1
25
4
9
4
4
1
9
4
16
9
25
1
25
4
16
4
1
9
9
4
25
9
1
1
4
4
4
21904
1
4
1
2025
4
36
484
4
4
4
1
1
1
4
3025
9
16
1
25
9
9
4
1
1
1
3364
1
289
9
1
1
4
16
64
1
4
1
1
81
1
1
4
36
1
4
1
15476356
16
9
9
4
4
4
1
4
1
81
1
4
25
4
25
4
1
4
9
4
4
4
1
9
169
1
16
64
4
4
9
4
1521
4
4
1
4
16
64
1
4
16
1
1
4
4
4
4
25
1
25
9
5041
1
16
1
4
9
4
1
1
16
81
16
9
1
1
16
25
49
4
25
9
1
25
256
4
9
1
4
196
1
100
4
3969
4
9
1
144400
961
1
64
1
4
1
49
16
4
4
4
4
1
1
4
1
9
4
1
1
900
1
4
289
9
1
16
4
16
9
169
1
16
1
9
4
25
9
16
9
9
4
31866025
9
1
25
9
9
25
1
4
361
4
1
1
4
144
1
4
1
4
1
16
4
625
4
4
9
4
4
1
36
100
4
1
4
49
4
4
64
4
16
4
16
9
1
4
4
4
9
9
256
36
4
1
1
4
16
1
1
4
144
1
64
1
9
4
1
9
1
16
4
4
9
1
16
1
9
1
4
4
4
1
4
1
100
4
100
16
1
9
4
1
4
736164
40804
1
1
25
2916
36
676
16
1
9
4
1
1
4
49
1
25
1
49
1
1
4
4
1
4
9
9
4
35344
9
1
9
1
4
1
4
196
4
9
4
4
16
25
1
4
1
1
4
25
1
9
4
16
9
4
784
4
9
4
4
9
9
4
25
4
9
4
1024
4
4
4
4
1
64
9
4
16
1
1
1
4
4
16
4
16
16
121
9
4
4
9
324
4
36
4
1
4
1
4
196
36
9
1
1
25
49
1
676
4
9
4
25
100
4
100
36
64
36
16
400
1
4
25
1
1
1
25
1
9
36
36
4
1
4
4
1
25
4
4
4
169
16
4
49
4
1
1
196
121
49
1
4
1
400
1
9
4
4
36
3969
4
1
4
4
25
1
4
1
16
16
9
1
25
1
1
1
1
16
1
4
4
121
100
4
25
9
1
36
1
4
4
1849
1
196
1
4
9
16
9
4
1
36
1
4
4
16
9
16
25
49
9
1
4
4
4
4
1
1
4
1
4
36
4
256
25
1
225
1
4
4
36
1
25
4
1
4
1
4
1
9
4
9
25
16
4
4
1
4
64
9
4
4
1
16
1
9
16
9
1849
1
