3170
15417
1849
16064
3840
39245
75778
12051
71403
112099
104961
100437
5458
10515
119593
92265
2627
982
132064
2326
85
3719
102794
4700
8086
28010
122184
68695
1467
59241
84579
86127
26663
23639
33621
45228
639
17515
25802
8707
115715
55709
4754
65985
119591
82477
9788
6326
16015
58998
2908
9521
7436
849
3973
38555
23926
71
53792
285
19147
116400
6973
90392
35376
92843
41196
121572
2128
580
38182
2783
129558
50861
36156
2480
585
134038
24352
538
123159
2660
35855
14039
48696
4869
122894
5193
426
1743
1129
27796
53174
856
47419
21685
4584
83635
99953
89219
