100
143
2 4 6 3 5 1
328
4 6 3 1 5 2
113
6 2 1 4 3 5
333
4 6 1 5 2 3
163
2 3 1 4 6 5
518
5 4 3 1 6 2
723
2 5 1 4 3 6
281
1 3 6 2 4 5
703
5 4 3 6 1 2
883
1 5 3 4 2 6
856
6 2 3 5 4 1
834
4 5 2 1 6 3
193
6 4 1 3 5 2
268
2 6 4 1 5 3
908
6 2 1 3 4 5
799
5 1 4 6 2 3
129
4 2 6 5 3 1
77
6 4 2 1 3 5
956
4 5 3 1 6 2
123
3 4 2 5 6 1
18
3 6 1 2 4 5
157
1 3 4 5 6 2
839
3 4 5 1 2 6
176
5 6 2 1 3 4
232
4 6 2 5 3 1
437
2 6 4 3 1 5
920
3 5 2 1 4 6
686
2 3 5 1 6 4
98
3 6 4 5 2 1
639
1 2 5 4 6 3
762
4 6 1 5 3 2
771
3 5 4 6 1 2
431
3 6 2 1 4 5
401
5 1 2 3 6 4
481
2 5 3 6 4 1
563
2 6 5 4 1 3
59
4 1 5 2 6 3
346
2 5 1 3 4 6
422
3 2 4 5 6 1
240
5 1 6 2 3 4
898
6 4 5 1 3 2
619
2 6 4 1 3 5
178
2 3 4 5 1 6
673
6 3 5 4 2 1
907
5 1 2 6 4 3
757
1 4 3 6 2 5
256
1 4 2 3 5 6
206
4 3 1 2 6 5
333
5 1 4 6 3 2
640
3 2 6 5 4 1
141
3 5 6 2 1 4
257
5 1 6 4 3 2
227
1 5 2 6 3 4
73
4 1 3 2 6 5
163
3 4 6 1 5 2
517
6 1 2 4 3 5
402
5 2 6 4 3 1
17
5 3 4 2 6 1
608
4 3 2 5 1 6
41
4 5 2 6 1 3
360
6 2 4 1 3 5
899
5 6 2 1 4 3
218
1 3 4 5 6 2
788
1 6 2 5 3 4
494
1 3 5 6 2 4
805
2 5 1 6 4 3
533
6 1 2 4 3 5
921
6 1 2 5 4 3
118
3 1 4 2 5 6
60
6 4 5 2 3 1
513
5 3 4 1 6 2
139
6 4 3 2 1 5
948
6 3 4 5 1 2
595
6 2 1 3 5 4
496
5 2 3 6 4 1
128
3 6 4 2 1 5
63
3 5 1 2 6 4
964
1 3 2 4 6 5
404
1 5 2 4 3 6
57
2 4 5 6 3 1
927
3 1 4 6 5 2
132
3 2 1 5 6 4
500
1 2 6 5 4 3
310
2 6 5 1 3 4
583
6 3 2 5 1 4
178
4 2 6 5 3 1
926
2 4 3 1 5 6
189
5 3 2 4 1 6
51
5 1 4 6 3 2
102
5 2 4 3 6 1
85
3 4 1 6 5 2
435
4 6 3 5 1 2
602
4 1 5 2 6 3
68
1 5 6 2 3 4
571
6 3 1 4 2 5
384
2 3 6 4 1 5
179
5 6 3 4 1 2
761
2 5 6 3 1 4
830
5 4 6 1 2 3
782
3 4 5 6 1 2
